0.000000 	 1.005228 	 1.000408 	 0.998337 	 1.002613 
0.012000 	 0.997236 	 0.990686 	 0.989533 	 0.991857 
0.024000 	 0.984472 	 0.977780 	 0.976773 	 0.978821 
0.036000 	 0.970963 	 0.964850 	 0.963929 	 0.965797 
0.048000 	 0.956641 	 0.952459 	 0.951617 	 0.953347 
0.060000 	 0.947436 	 0.940830 	 0.940074 	 0.941647 
0.072000 	 0.935171 	 0.929953 	 0.929229 	 0.930727 
0.084000 	 0.924968 	 0.919804 	 0.919131 	 0.920551 
0.096000 	 0.917091 	 0.910406 	 0.909766 	 0.911110 
0.108000 	 0.904622 	 0.901694 	 0.901093 	 0.902361 
0.120000 	 0.898699 	 0.893616 	 0.893009 	 0.894269 
0.132000 	 0.889545 	 0.886074 	 0.885487 	 0.886690 
0.144000 	 0.886866 	 0.879084 	 0.878510 	 0.879666 
0.156000 	 0.877081 	 0.872664 	 0.872115 	 0.873220 
0.168000 	 0.871586 	 0.866620 	 0.866084 	 0.867130 
0.180000 	 0.865139 	 0.861050 	 0.860513 	 0.861554 
0.192000 	 0.859684 	 0.855876 	 0.855354 	 0.856370 
0.204000 	 0.854111 	 0.851047 	 0.850526 	 0.851511 
0.216000 	 0.850907 	 0.846609 	 0.846083 	 0.847072 
0.228000 	 0.848149 	 0.842443 	 0.841923 	 0.842902 
0.240000 	 0.843000 	 0.838617 	 0.838097 	 0.839077 
0.252000 	 0.838313 	 0.834994 	 0.834502 	 0.835446 
0.264000 	 0.836581 	 0.831625 	 0.831147 	 0.832089 
0.276000 	 0.832196 	 0.828610 	 0.828138 	 0.829074 
0.288000 	 0.829238 	 0.825608 	 0.825165 	 0.826067 
0.300000 	 0.826432 	 0.823015 	 0.822576 	 0.823467 
0.312000 	 0.825196 	 0.820463 	 0.820035 	 0.820916 
0.324000 	 0.819420 	 0.818117 	 0.817702 	 0.818562 
0.336000 	 0.822015 	 0.816038 	 0.815635 	 0.816481 
0.348000 	 0.816614 	 0.813966 	 0.813564 	 0.814401 
0.360000 	 0.816283 	 0.812083 	 0.811690 	 0.812511 
0.372000 	 0.812098 	 0.810443 	 0.810055 	 0.810867 
0.384000 	 0.813375 	 0.808692 	 0.808317 	 0.809110 
0.396000 	 0.811530 	 0.807240 	 0.806877 	 0.807636 
0.408000 	 0.808951 	 0.805918 	 0.805563 	 0.806310 
0.420000 	 0.808440 	 0.804516 	 0.804180 	 0.804907 
0.432000 	 0.806788 	 0.803260 	 0.802926 	 0.803650 
0.444000 	 0.805000 	 0.802298 	 0.801958 	 0.802686 
0.456000 	 0.806232 	 0.801176 	 0.800845 	 0.801564 
0.468000 	 0.803625 	 0.800155 	 0.799819 	 0.800528 
0.480000 	 0.801282 	 0.799305 	 0.798975 	 0.799674 
0.492000 	 0.802900 	 0.798582 	 0.798249 	 0.798946 
0.504000 	 0.804167 	 0.797676 	 0.797350 	 0.798044 
0.516000 	 0.800245 	 0.796960 	 0.796639 	 0.797325 
0.528000 	 0.801197 	 0.796379 	 0.796056 	 0.796739 
0.540000 	 0.798734 	 0.795806 	 0.795482 	 0.796160 
0.552000 	 0.798622 	 0.795146 	 0.794818 	 0.795496 
0.564000 	 0.799818 	 0.794569 	 0.794239 	 0.794915 
0.576000 	 0.799992 	 0.794207 	 0.793874 	 0.794548 
0.588000 	 0.799324 	 0.793817 	 0.793486 	 0.794156 
0.600000 	 0.797520 	 0.793323 	 0.792988 	 0.793659 
0.612000 	 0.797061 	 0.792875 	 0.792541 	 0.793214 
0.624000 	 0.796385 	 0.792552 	 0.792219 	 0.792895 
0.636000 	 0.796205 	 0.792439 	 0.792113 	 0.792773 
0.648000 	 0.797501 	 0.792046 	 0.791713 	 0.792380 
0.660000 	 0.795494 	 0.791675 	 0.791341 	 0.792010 
0.672000 	 0.795363 	 0.791424 	 0.791083 	 0.791757 
0.684000 	 0.793452 	 0.791319 	 0.790982 	 0.791637 
0.696000 	 0.795628 	 0.791206 	 0.790870 	 0.791520 
0.708000 	 0.796501 	 0.790977 	 0.790639 	 0.791288 
0.720000 	 0.793853 	 0.790615 	 0.790273 	 0.790948 
0.732000 	 0.794786 	 0.790526 	 0.790190 	 0.790850 
0.744000 	 0.796228 	 0.790583 	 0.790251 	 0.790900 
0.756000 	 0.795439 	 0.790472 	 0.790139 	 0.790783 
0.768000 	 0.796466 	 0.790301 	 0.789968 	 0.790615 
0.780000 	 0.793793 	 0.790089 	 0.789753 	 0.790414 
0.792000 	 0.794318 	 0.790006 	 0.789673 	 0.790328 
0.804000 	 0.794517 	 0.790042 	 0.789711 	 0.790358 
0.816000 	 0.794322 	 0.790145 	 0.789822 	 0.790449 
0.828000 	 0.792762 	 0.789978 	 0.789650 	 0.790287 
0.840000 	 0.794892 	 0.789798 	 0.789466 	 0.790104 
0.852000 	 0.793834 	 0.789802 	 0.789476 	 0.790099 
0.864000 	 0.793820 	 0.789776 	 0.789449 	 0.790075 
0.876000 	 0.792042 	 0.789891 	 0.789566 	 0.790187 
0.888000 	 0.795555 	 0.789920 	 0.789599 	 0.790208 
0.900000 	 0.795978 	 0.789868 	 0.789551 	 0.790159 
0.912000 	 0.794794 	 0.789712 	 0.789398 	 0.790002 
0.924000 	 0.792669 	 0.789635 	 0.789317 	 0.789924 
0.936000 	 0.793879 	 0.789809 	 0.789511 	 0.790097 
0.948000 	 0.795832 	 0.789884 	 0.789585 	 0.790171 
0.960000 	 0.791315 	 0.789912 	 0.789611 	 0.790200 
0.972000 	 0.794438 	 0.789913 	 0.789622 	 0.790196 
0.984000 	 0.795561 	 0.789831 	 0.789540 	 0.790113 
0.996000 	 0.792348 	 0.789701 	 0.789399 	 0.789980 
1.008000 	 0.794590 	 0.789820 	 0.789531 	 0.790099 
1.020000 	 0.794756 	 0.789967 	 0.789685 	 0.790244 
1.032000 	 0.793834 	 0.790176 	 0.789898 	 0.790441 
1.044000 	 0.794179 	 0.790085 	 0.789806 	 0.790350 
1.056000 	 0.794695 	 0.789924 	 0.789644 	 0.790196 
1.068000 	 0.794082 	 0.789939 	 0.789660 	 0.790206 
1.080000 	 0.793727 	 0.789972 	 0.789695 	 0.790237 
1.092000 	 0.794625 	 0.790056 	 0.789783 	 0.790320 
1.104000 	 0.794599 	 0.790241 	 0.789972 	 0.790506 
1.116000 	 0.794200 	 0.790389 	 0.790122 	 0.790655 
1.128000 	 0.795700 	 0.790301 	 0.790034 	 0.790568 
1.140000 	 0.794360 	 0.790131 	 0.789864 	 0.790397 
1.152000 	 0.794807 	 0.790125 	 0.789859 	 0.790386 
1.164000 	 0.792903 	 0.790183 	 0.789916 	 0.790444 
1.176000 	 0.795829 	 0.790410 	 0.790150 	 0.790671 
1.188000 	 0.795249 	 0.790505 	 0.790246 	 0.790762 
1.200000 	 0.794234 	 0.790510 	 0.790251 	 0.790763 
1.212000 	 0.793338 	 0.790519 	 0.790260 	 0.790769 
1.224000 	 0.794381 	 0.790509 	 0.790254 	 0.790756 
1.236000 	 0.796297 	 0.790354 	 0.790090 	 0.790602 
1.248000 	 0.795163 	 0.790361 	 0.790100 	 0.790609 
1.260000 	 0.795322 	 0.790503 	 0.790248 	 0.790752 
1.272000 	 0.794356 	 0.790727 	 0.790476 	 0.790969 
1.284000 	 0.793293 	 0.790802 	 0.790550 	 0.791046 
1.296000 	 0.794516 	 0.790764 	 0.790516 	 0.791012 
1.308000 	 0.793177 	 0.790702 	 0.790452 	 0.790950 
1.320000 	 0.794719 	 0.790591 	 0.790334 	 0.790840 
1.332000 	 0.793969 	 0.790624 	 0.790369 	 0.790871 
1.344000 	 0.794987 	 0.790693 	 0.790438 	 0.790935 
1.356000 	 0.795704 	 0.790668 	 0.790412 	 0.790912 
1.368000 	 0.794887 	 0.790826 	 0.790571 	 0.791072 
1.380000 	 0.796617 	 0.791026 	 0.790782 	 0.791269 
1.392000 	 0.795972 	 0.791066 	 0.790820 	 0.791306 
1.404000 	 0.793581 	 0.790896 	 0.790652 	 0.791137 
1.416000 	 0.795850 	 0.790740 	 0.790496 	 0.790982 
1.428000 	 0.795464 	 0.790695 	 0.790454 	 0.790939 
1.440000 	 0.793521 	 0.790775 	 0.790537 	 0.791019 
1.452000 	 0.795039 	 0.790883 	 0.790644 	 0.791120 
1.464000 	 0.795249 	 0.790984 	 0.790743 	 0.791222 
1.476000 	 0.793371 	 0.791103 	 0.790862 	 0.791335 
1.488000 	 0.794912 	 0.791097 	 0.790857 	 0.791334 
1.500000 	 0.795560 	 0.791051 	 0.790810 	 0.791287 
1.512000 	 0.795627 	 0.791025 	 0.790781 	 0.791255 
1.524000 	 0.795069 	 0.790840 	 0.790604 	 0.791075 
1.536000 	 0.793922 	 0.790677 	 0.790436 	 0.790910 
1.548000 	 0.792439 	 0.790801 	 0.790562 	 0.791029 
1.560000 	 0.796225 	 0.791019 	 0.790779 	 0.791249 
1.572000 	 0.795768 	 0.791182 	 0.790938 	 0.791407 
1.584000 	 0.795688 	 0.791212 	 0.790967 	 0.791437 
1.596000 	 0.793126 	 0.791129 	 0.790885 	 0.791352 
1.608000 	 0.794701 	 0.791012 	 0.790772 	 0.791232 
1.620000 	 0.795633 	 0.790905 	 0.790666 	 0.791126 
1.632000 	 0.794279 	 0.790831 	 0.790591 	 0.791049 
1.644000 	 0.795595 	 0.790817 	 0.790573 	 0.791035 
1.656000 	 0.794289 	 0.790815 	 0.790572 	 0.791035 
1.668000 	 0.797484 	 0.790957 	 0.790712 	 0.791173 
1.680000 	 0.796204 	 0.791021 	 0.790778 	 0.791241 
1.692000 	 0.795190 	 0.791142 	 0.790901 	 0.791363 
1.704000 	 0.795521 	 0.791227 	 0.790979 	 0.791445 
1.716000 	 0.794852 	 0.791081 	 0.790837 	 0.791301 
1.728000 	 0.794715 	 0.790781 	 0.790540 	 0.791002 
1.740000 	 0.795110 	 0.790656 	 0.790416 	 0.790877 
1.752000 	 0.793676 	 0.790714 	 0.790478 	 0.790932 
1.764000 	 0.795222 	 0.790753 	 0.790513 	 0.790971 
1.776000 	 0.793587 	 0.790814 	 0.790577 	 0.791030 
1.788000 	 0.794144 	 0.790896 	 0.790658 	 0.791112 
1.800000 	 0.794777 	 0.790909 	 0.790673 	 0.791122 
1.812000 	 0.795058 	 0.790960 	 0.790725 	 0.791176 
1.824000 	 0.795061 	 0.790932 	 0.790699 	 0.791146 
1.836000 	 0.793474 	 0.790842 	 0.790609 	 0.791055 
1.848000 	 0.794734 	 0.790723 	 0.790490 	 0.790932 
1.860000 	 0.793983 	 0.790583 	 0.790349 	 0.790789 
1.872000 	 0.794567 	 0.790427 	 0.790192 	 0.790637 
1.884000 	 0.793887 	 0.790444 	 0.790209 	 0.790651 
1.896000 	 0.794643 	 0.790456 	 0.790223 	 0.790666 
1.908000 	 0.795341 	 0.790700 	 0.790456 	 0.790909 
1.920000 	 0.796220 	 0.790840 	 0.790599 	 0.791046 
1.932000 	 0.795328 	 0.790745 	 0.790509 	 0.790958 
1.944000 	 0.793347 	 0.790622 	 0.790390 	 0.790833 
1.956000 	 0.795287 	 0.790534 	 0.790299 	 0.790743 
1.968000 	 0.796972 	 0.790494 	 0.790260 	 0.790700 
1.980000 	 0.793770 	 0.790357 	 0.790120 	 0.790560 
1.992000 	 0.793787 	 0.790226 	 0.789989 	 0.790428 
2.004000 	 0.792603 	 0.790166 	 0.789931 	 0.790367 
2.016000 	 0.795672 	 0.790131 	 0.789900 	 0.790335 
2.028000 	 0.793908 	 0.790186 	 0.789956 	 0.790390 
2.040000 	 0.794989 	 0.790309 	 0.790080 	 0.790511 
2.052000 	 0.794942 	 0.790419 	 0.790193 	 0.790618 
2.064000 	 0.794444 	 0.790458 	 0.790234 	 0.790659 
2.076000 	 0.793694 	 0.790448 	 0.790225 	 0.790645 
2.088000 	 0.793768 	 0.790242 	 0.790022 	 0.790440 
2.100000 	 0.795736 	 0.789994 	 0.789775 	 0.790193 
2.112000 	 0.792406 	 0.789785 	 0.789560 	 0.789982 
2.124000 	 0.792839 	 0.789715 	 0.789491 	 0.789912 
2.136000 	 0.797092 	 0.789756 	 0.789532 	 0.789951 
2.148000 	 0.794111 	 0.789891 	 0.789667 	 0.790082 
2.160000 	 0.793774 	 0.789886 	 0.789661 	 0.790077 
2.172000 	 0.792335 	 0.789798 	 0.789574 	 0.789995 
2.184000 	 0.793319 	 0.789936 	 0.789711 	 0.790127 
2.196000 	 0.793676 	 0.790006 	 0.789782 	 0.790197 
2.208000 	 0.794761 	 0.789997 	 0.789772 	 0.790189 
2.220000 	 0.795004 	 0.789847 	 0.789627 	 0.790040 
2.232000 	 0.793782 	 0.789654 	 0.789432 	 0.789847 
2.244000 	 0.794511 	 0.789463 	 0.789244 	 0.789657 
2.256000 	 0.792210 	 0.789280 	 0.789061 	 0.789476 
2.268000 	 0.793138 	 0.789163 	 0.788946 	 0.789364 
2.280000 	 0.794510 	 0.789185 	 0.788972 	 0.789385 
2.292000 	 0.794449 	 0.789295 	 0.789080 	 0.789492 
2.304000 	 0.791298 	 0.789410 	 0.789200 	 0.789608 
2.316000 	 0.792065 	 0.789535 	 0.789326 	 0.789729 
2.328000 	 0.792682 	 0.789576 	 0.789367 	 0.789764 
2.340000 	 0.792170 	 0.789454 	 0.789248 	 0.789646 
2.352000 	 0.792894 	 0.789270 	 0.789063 	 0.789462 
2.364000 	 0.792741 	 0.789105 	 0.788900 	 0.789299 
2.376000 	 0.793645 	 0.789022 	 0.788812 	 0.789212 
2.388000 	 0.794088 	 0.788932 	 0.788721 	 0.789121 
2.400000 	 0.794138 	 0.788863 	 0.788651 	 0.789054 
2.412000 	 0.791238 	 0.788698 	 0.788487 	 0.788884 
2.424000 	 0.793177 	 0.788577 	 0.788370 	 0.788766 
2.436000 	 0.794477 	 0.788588 	 0.788381 	 0.788775 
2.448000 	 0.793819 	 0.788795 	 0.788580 	 0.788985 
2.460000 	 0.792851 	 0.788867 	 0.788658 	 0.789061 
2.472000 	 0.792388 	 0.788867 	 0.788655 	 0.789062 
2.484000 	 0.793166 	 0.788902 	 0.788688 	 0.789095 
2.496000 	 0.794546 	 0.788831 	 0.788615 	 0.789023 
2.508000 	 0.793532 	 0.788661 	 0.788443 	 0.788851 
2.520000 	 0.793365 	 0.788443 	 0.788227 	 0.788633 
2.532000 	 0.793506 	 0.788188 	 0.787972 	 0.788383 
2.544000 	 0.795571 	 0.788096 	 0.787878 	 0.788291 
2.556000 	 0.791637 	 0.788062 	 0.787840 	 0.788256 
2.568000 	 0.791832 	 0.788044 	 0.787821 	 0.788240 
2.580000 	 0.793028 	 0.788078 	 0.787853 	 0.788274 
2.592000 	 0.793471 	 0.788128 	 0.787903 	 0.788326 
2.604000 	 0.790711 	 0.788096 	 0.787870 	 0.788293 
2.616000 	 0.792973 	 0.788052 	 0.787827 	 0.788250 
2.628000 	 0.791344 	 0.788034 	 0.787809 	 0.788233 
2.640000 	 0.792248 	 0.788101 	 0.787869 	 0.788300 
2.652000 	 0.792086 	 0.788123 	 0.787890 	 0.788322 
2.664000 	 0.788385 	 0.788067 	 0.787837 	 0.788265 
2.676000 	 0.790203 	 0.787872 	 0.787643 	 0.788072 
2.688000 	 0.791539 	 0.787588 	 0.787361 	 0.787791 
2.700000 	 0.791703 	 0.787339 	 0.787107 	 0.787542 
2.712000 	 0.790012 	 0.787210 	 0.786979 	 0.787415 
2.724000 	 0.792652 	 0.787242 	 0.787011 	 0.787456 
2.736000 	 0.792451 	 0.787272 	 0.787043 	 0.787483 
2.748000 	 0.791788 	 0.787233 	 0.787004 	 0.787443 
2.760000 	 0.790644 	 0.787301 	 0.787073 	 0.787515 
2.772000 	 0.790811 	 0.787428 	 0.787197 	 0.787645 
2.784000 	 0.793026 	 0.787514 	 0.787276 	 0.787731 
2.796000 	 0.790902 	 0.787413 	 0.787179 	 0.787631 
2.808000 	 0.791212 	 0.787276 	 0.787043 	 0.787493 
2.820000 	 0.790060 	 0.787199 	 0.786963 	 0.787419 
2.832000 	 0.791523 	 0.787030 	 0.786794 	 0.787248 
2.844000 	 0.790957 	 0.786928 	 0.786694 	 0.787149 
2.856000 	 0.792150 	 0.786826 	 0.786589 	 0.787046 
2.868000 	 0.789436 	 0.786651 	 0.786416 	 0.786872 
2.880000 	 0.791230 	 0.786521 	 0.786286 	 0.786742 
2.892000 	 0.791988 	 0.786425 	 0.786192 	 0.786647 
2.904000 	 0.789721 	 0.786285 	 0.786050 	 0.786501 
2.916000 	 0.791407 	 0.786282 	 0.786049 	 0.786499 
2.928000 	 0.791262 	 0.786412 	 0.786181 	 0.786631 
2.940000 	 0.791330 	 0.786602 	 0.786371 	 0.786827 
2.952000 	 0.789799 	 0.786736 	 0.786503 	 0.786967 
2.964000 	 0.791576 	 0.786733 	 0.786499 	 0.786962 
2.976000 	 0.790697 	 0.786622 	 0.786389 	 0.786852 
2.988000 	 0.788320 	 0.786410 	 0.786179 	 0.786640 
3.000000 	 0.787573 	 0.786192 	 0.785963 	 0.786421 
3.012000 	 0.791218 	 0.786009 	 0.785780 	 0.786242 
3.024000 	 0.789395 	 0.785872 	 0.785638 	 0.786108 
3.036000 	 0.789832 	 0.785746 	 0.785513 	 0.785985 
3.048000 	 0.791157 	 0.785568 	 0.785341 	 0.785803 
3.060000 	 0.790872 	 0.785530 	 0.785301 	 0.785767 
3.072000 	 0.790151 	 0.785561 	 0.785332 	 0.785800 
3.084000 	 0.790136 	 0.785685 	 0.785453 	 0.785930 
3.096000 	 0.788753 	 0.785667 	 0.785435 	 0.785906 
3.108000 	 0.790605 	 0.785608 	 0.785378 	 0.785846 
3.120000 	 0.790329 	 0.785600 	 0.785370 	 0.785840 
3.132000 	 0.788220 	 0.785670 	 0.785438 	 0.785907 
3.144000 	 0.789022 	 0.785709 	 0.785472 	 0.785947 
3.156000 	 0.789399 	 0.785667 	 0.785433 	 0.785901 
3.168000 	 0.789518 	 0.785575 	 0.785342 	 0.785807 
3.180000 	 0.788322 	 0.785456 	 0.785222 	 0.785697 
3.192000 	 0.788977 	 0.785215 	 0.784982 	 0.785452 
3.204000 	 0.789985 	 0.784898 	 0.784672 	 0.785131 
3.216000 	 0.788914 	 0.784701 	 0.784475 	 0.784933 
3.228000 	 0.789624 	 0.784547 	 0.784324 	 0.784777 
3.240000 	 0.790366 	 0.784481 	 0.784259 	 0.784712 
3.252000 	 0.789303 	 0.784630 	 0.784408 	 0.784862 
3.264000 	 0.789635 	 0.784764 	 0.784541 	 0.784999 
3.276000 	 0.788838 	 0.784806 	 0.784584 	 0.785039 
3.288000 	 0.788477 	 0.784782 	 0.784559 	 0.785015 
3.300000 	 0.789185 	 0.784822 	 0.784598 	 0.785056 
3.312000 	 0.789617 	 0.784765 	 0.784542 	 0.784997 
3.324000 	 0.787646 	 0.784728 	 0.784505 	 0.784958 
3.336000 	 0.786814 	 0.784669 	 0.784446 	 0.784899 
3.348000 	 0.791216 	 0.784566 	 0.784340 	 0.784795 
3.360000 	 0.788309 	 0.784435 	 0.784210 	 0.784662 
3.372000 	 0.791010 	 0.784238 	 0.784018 	 0.784461 
3.384000 	 0.789040 	 0.784083 	 0.783865 	 0.784306 
3.396000 	 0.786897 	 0.783974 	 0.783757 	 0.784198 
3.408000 	 0.787468 	 0.783914 	 0.783696 	 0.784140 
3.420000 	 0.789035 	 0.783827 	 0.783610 	 0.784059 
3.432000 	 0.788216 	 0.783659 	 0.783438 	 0.783886 
3.444000 	 0.787973 	 0.783505 	 0.783276 	 0.783732 
3.456000 	 0.789637 	 0.783530 	 0.783307 	 0.783759 
3.468000 	 0.788122 	 0.783644 	 0.783423 	 0.783875 
3.480000 	 0.789829 	 0.783780 	 0.783561 	 0.784011 
3.492000 	 0.786737 	 0.783878 	 0.783653 	 0.784107 
3.504000 	 0.786137 	 0.783891 	 0.783666 	 0.784124 
3.516000 	 0.786281 	 0.783935 	 0.783709 	 0.784173 
3.528000 	 0.787116 	 0.783840 	 0.783612 	 0.784082 
3.540000 	 0.786513 	 0.783619 	 0.783392 	 0.783865 
3.552000 	 0.788365 	 0.783381 	 0.783153 	 0.783628 
3.564000 	 0.787275 	 0.783146 	 0.782915 	 0.783394 
3.576000 	 0.787202 	 0.783036 	 0.782801 	 0.783288 
3.588000 	 0.787520 	 0.782960 	 0.782722 	 0.783212 
3.600000 	 0.787961 	 0.782903 	 0.782658 	 0.783157 
3.612000 	 0.785190 	 0.782843 	 0.782592 	 0.783098 
3.624000 	 0.787648 	 0.782791 	 0.782536 	 0.783048 
3.636000 	 0.787445 	 0.782651 	 0.782394 	 0.782914 
3.648000 	 0.785650 	 0.782585 	 0.782319 	 0.782850 
3.660000 	 0.787599 	 0.782657 	 0.782388 	 0.782928 
3.672000 	 0.786251 	 0.782722 	 0.782445 	 0.782997 
3.684000 	 0.786251 	 0.782689 	 0.782411 	 0.782966 
3.696000 	 0.786301 	 0.782736 	 0.782453 	 0.783019 
3.708000 	 0.787417 	 0.782773 	 0.782487 	 0.783063 
3.720000 	 0.786471 	 0.782752 	 0.782462 	 0.783047 
3.732000 	 0.785941 	 0.782715 	 0.782420 	 0.783013 
3.744000 	 0.785693 	 0.782674 	 0.782371 	 0.782975 
3.756000 	 0.786527 	 0.782595 	 0.782290 	 0.782904 
3.768000 	 0.786275 	 0.782429 	 0.782121 	 0.782738 
3.780000 	 0.786996 	 0.782145 	 0.781832 	 0.782459 
3.792000 	 0.786213 	 0.781861 	 0.781543 	 0.782180 
3.804000 	 0.786269 	 0.781581 	 0.781249 	 0.781908 
3.816000 	 0.787198 	 0.781503 	 0.781166 	 0.781836 
3.828000 	 0.784645 	 0.781541 	 0.781200 	 0.781884 
3.840000 	 0.786038 	 0.781603 	 0.781252 	 0.781949 
3.852000 	 0.786548 	 0.781665 	 0.781307 	 0.782018 
3.864000 	 0.783218 	 0.781704 	 0.781336 	 0.782064 
3.876000 	 0.787617 	 0.781757 	 0.781377 	 0.782123 
3.888000 	 0.785348 	 0.781838 	 0.781456 	 0.782210 
3.900000 	 0.785008 	 0.781820 	 0.781426 	 0.782203 
3.912000 	 0.783195 	 0.781736 	 0.781328 	 0.782128 
3.924000 	 0.785657 	 0.781639 	 0.781210 	 0.782039 
3.936000 	 0.785769 	 0.781596 	 0.781162 	 0.782004 
3.948000 	 0.783655 	 0.781579 	 0.781134 	 0.781998 
3.960000 	 0.786976 	 0.781560 	 0.781108 	 0.781992 
3.972000 	 0.785250 	 0.781413 	 0.780945 	 0.781851 
3.984000 	 0.785916 	 0.781222 	 0.780739 	 0.781662 
3.996000 	 0.785807 	 0.781032 	 0.780539 	 0.781480 
4.008000 	 0.785705 	 0.780816 	 0.780315 	 0.781273 
