0.000000 	 0.000000 	 0.000000 	 0.000000 
0.040134 	 0.000000 	 0.000000 	 0.000047 
0.080268 	 0.000000 	 0.000000 	 0.000108 
0.120401 	 0.000000 	 0.000000 	 0.000198 
0.160535 	 0.000000 	 0.000000 	 0.000330 
0.200669 	 0.000000 	 0.000000 	 0.000518 
0.240803 	 0.000000 	 0.000000 	 0.000761 
0.280936 	 0.000000 	 0.000000 	 0.001076 
0.321070 	 0.000008 	 0.000000 	 0.001474 
0.361204 	 0.000050 	 0.000000 	 0.001968 
0.401338 	 0.000151 	 0.000000 	 0.002566 
0.441472 	 0.000334 	 0.000000 	 0.003313 
0.481605 	 0.000617 	 0.000000 	 0.004185 
0.521739 	 0.001028 	 0.000006 	 0.005162 
0.561873 	 0.001590 	 0.000069 	 0.006303 
0.602007 	 0.002306 	 0.000222 	 0.007599 
0.642140 	 0.003209 	 0.000506 	 0.009069 
0.682274 	 0.004310 	 0.000956 	 0.010648 
0.722408 	 0.005621 	 0.001607 	 0.012550 
0.762542 	 0.007175 	 0.002490 	 0.014517 
0.802676 	 0.008947 	 0.003600 	 0.016696 
0.842809 	 0.010978 	 0.004962 	 0.019160 
0.882943 	 0.013267 	 0.006594 	 0.021749 
0.923077 	 0.015803 	 0.008526 	 0.024408 
0.963211 	 0.018659 	 0.010775 	 0.027467 
1.003344 	 0.021773 	 0.013329 	 0.030595 
1.043478 	 0.025168 	 0.016233 	 0.034293 
1.083612 	 0.028879 	 0.019610 	 0.038138 
1.123746 	 0.032899 	 0.023307 	 0.042132 
1.163880 	 0.037262 	 0.027447 	 0.046365 
1.204013 	 0.041883 	 0.031932 	 0.050923 
1.244147 	 0.046845 	 0.036826 	 0.055768 
1.284281 	 0.052053 	 0.041984 	 0.061001 
1.324415 	 0.057579 	 0.047558 	 0.066499 
1.364548 	 0.063377 	 0.053589 	 0.072148 
1.404682 	 0.069500 	 0.059758 	 0.078060 
1.444816 	 0.075898 	 0.066306 	 0.084235 
1.484950 	 0.082662 	 0.073217 	 0.090582 
1.525084 	 0.089570 	 0.080147 	 0.097214 
1.565217 	 0.096740 	 0.087587 	 0.104199 
1.605351 	 0.104204 	 0.095278 	 0.111417 
1.645485 	 0.111872 	 0.103269 	 0.118990 
1.685619 	 0.119701 	 0.111469 	 0.126885 
1.725753 	 0.127739 	 0.119695 	 0.134897 
1.765886 	 0.136060 	 0.128321 	 0.143180 
1.806020 	 0.144531 	 0.136888 	 0.151662 
1.846154 	 0.153169 	 0.145786 	 0.160144 
1.886288 	 0.161959 	 0.154785 	 0.168888 
1.926421 	 0.170872 	 0.163794 	 0.177614 
1.966555 	 0.179887 	 0.172856 	 0.186642 
2.006689 	 0.189034 	 0.181969 	 0.195862 
2.046823 	 0.198229 	 0.191094 	 0.205161 
2.086957 	 0.207483 	 0.200179 	 0.214333 
2.127090 	 0.216668 	 0.209378 	 0.223535 
2.167224 	 0.225827 	 0.218647 	 0.232706 
2.207358 	 0.234993 	 0.227779 	 0.242036 
2.247492 	 0.244075 	 0.236637 	 0.251488 
2.287625 	 0.253148 	 0.245440 	 0.260789 
2.327759 	 0.262124 	 0.254111 	 0.269851 
2.367893 	 0.270938 	 0.262735 	 0.278943 
2.408027 	 0.279591 	 0.271192 	 0.287552 
2.448161 	 0.288078 	 0.279517 	 0.296100 
2.488294 	 0.296278 	 0.287807 	 0.304493 
2.528428 	 0.304318 	 0.295725 	 0.312813 
2.568562 	 0.312110 	 0.303636 	 0.320640 
2.608696 	 0.319605 	 0.311064 	 0.328028 
2.648829 	 0.326824 	 0.318065 	 0.335389 
2.688963 	 0.333713 	 0.324823 	 0.342531 
2.729097 	 0.340248 	 0.331167 	 0.349071 
2.769231 	 0.346438 	 0.337277 	 0.355433 
2.809365 	 0.352259 	 0.342809 	 0.361442 
2.849498 	 0.357609 	 0.348175 	 0.366970 
2.889632 	 0.362545 	 0.352697 	 0.371931 
2.929766 	 0.367120 	 0.356875 	 0.376438 
2.969900 	 0.371071 	 0.360585 	 0.380680 
3.010033 	 0.374614 	 0.363916 	 0.384257 
3.050167 	 0.377632 	 0.366935 	 0.387745 
3.090301 	 0.380119 	 0.369568 	 0.390194 
3.130435 	 0.382189 	 0.371512 	 0.392076 
3.170569 	 0.383825 	 0.372909 	 0.394014 
3.210702 	 0.384774 	 0.373718 	 0.395077 
3.250836 	 0.385284 	 0.374317 	 0.395428 
3.290970 	 0.385180 	 0.374290 	 0.395215 
3.331104 	 0.384588 	 0.373920 	 0.394462 
3.371237 	 0.383385 	 0.373007 	 0.392994 
3.411371 	 0.381660 	 0.371505 	 0.391077 
3.451505 	 0.379479 	 0.369642 	 0.388727 
3.491639 	 0.376732 	 0.367194 	 0.385965 
3.531773 	 0.373640 	 0.364274 	 0.382533 
3.571906 	 0.369998 	 0.360793 	 0.378532 
3.612040 	 0.365823 	 0.356826 	 0.374016 
3.652174 	 0.361167 	 0.352438 	 0.369170 
3.692308 	 0.356098 	 0.347709 	 0.363964 
3.732441 	 0.350722 	 0.342600 	 0.358302 
3.772575 	 0.344914 	 0.336891 	 0.352202 
3.812709 	 0.338595 	 0.330914 	 0.345838 
3.852843 	 0.332038 	 0.324443 	 0.339125 
3.892977 	 0.325112 	 0.317679 	 0.332030 
3.933110 	 0.317983 	 0.310707 	 0.324448 
3.973244 	 0.310547 	 0.303445 	 0.316714 
4.013378 	 0.302747 	 0.295930 	 0.308847 
4.053512 	 0.294856 	 0.288073 	 0.300971 
4.093645 	 0.286728 	 0.280085 	 0.292716 
4.133779 	 0.278380 	 0.272088 	 0.284245 
4.173913 	 0.269963 	 0.263557 	 0.275817 
4.214047 	 0.261504 	 0.255050 	 0.267314 
4.254181 	 0.252893 	 0.246287 	 0.258784 
4.294314 	 0.244222 	 0.237629 	 0.250037 
4.334448 	 0.235615 	 0.229136 	 0.241326 
4.374582 	 0.226977 	 0.220423 	 0.232639 
4.414716 	 0.218293 	 0.211815 	 0.223970 
4.454849 	 0.209652 	 0.203516 	 0.215176 
4.494983 	 0.201123 	 0.194811 	 0.206587 
4.535117 	 0.192618 	 0.186548 	 0.198040 
4.575251 	 0.184214 	 0.178442 	 0.189763 
4.615385 	 0.175917 	 0.170318 	 0.181135 
4.655518 	 0.167824 	 0.162106 	 0.173029 
4.695652 	 0.159794 	 0.154243 	 0.164965 
4.735786 	 0.151981 	 0.146492 	 0.157182 
4.775920 	 0.144308 	 0.138988 	 0.149550 
4.816054 	 0.136775 	 0.131722 	 0.141833 
4.856187 	 0.129402 	 0.124444 	 0.134728 
4.896321 	 0.122146 	 0.117410 	 0.127492 
4.936455 	 0.115135 	 0.110613 	 0.120449 
4.976589 	 0.108339 	 0.103904 	 0.113690 
5.016722 	 0.101673 	 0.097418 	 0.107153 
5.056856 	 0.095192 	 0.091042 	 0.100712 
5.096990 	 0.088904 	 0.084639 	 0.094018 
5.137124 	 0.082957 	 0.078501 	 0.087823 
5.177258 	 0.077108 	 0.072225 	 0.081609 
5.217391 	 0.071546 	 0.066063 	 0.075855 
5.257525 	 0.065976 	 0.060031 	 0.070455 
5.297659 	 0.060783 	 0.054255 	 0.065554 
5.337793 	 0.055732 	 0.048634 	 0.060961 
5.377926 	 0.050917 	 0.043470 	 0.056706 
5.418060 	 0.046259 	 0.038282 	 0.052671 
5.458194 	 0.041828 	 0.033396 	 0.048882 
5.498328 	 0.037665 	 0.028681 	 0.045350 
5.538462 	 0.033725 	 0.024387 	 0.042123 
5.578595 	 0.029923 	 0.020313 	 0.039102 
5.618729 	 0.026444 	 0.016749 	 0.036207 
5.658863 	 0.023294 	 0.013346 	 0.033462 
5.698997 	 0.020372 	 0.010382 	 0.031002 
5.739130 	 0.017737 	 0.007949 	 0.028767 
5.779264 	 0.015191 	 0.005846 	 0.026506 
5.819398 	 0.012897 	 0.003997 	 0.024431 
5.859532 	 0.010850 	 0.002539 	 0.022532 
5.899666 	 0.009012 	 0.001495 	 0.020826 
5.939799 	 0.007420 	 0.000792 	 0.019231 
5.979933 	 0.006000 	 0.000337 	 0.017859 
6.020067 	 0.004819 	 0.000093 	 0.016541 
6.060201 	 0.003738 	 0.000005 	 0.015337 
6.100334 	 0.002800 	 0.000000 	 0.014287 
6.140468 	 0.002057 	 0.000000 	 0.013274 
6.180602 	 0.001452 	 0.000000 	 0.012386 
6.220736 	 0.000961 	 0.000000 	 0.011592 
6.260870 	 0.000603 	 0.000000 	 0.010933 
6.301003 	 0.000339 	 0.000000 	 0.010313 
6.341137 	 0.000168 	 0.000000 	 0.009945 
6.381271 	 0.000063 	 0.000000 	 0.009273 
6.421405 	 0.000014 	 0.000000 	 0.008797 
6.461538 	 0.000000 	 0.000000 	 0.008603 
6.501672 	 0.000000 	 0.000000 	 0.008212 
6.541806 	 0.000000 	 0.000000 	 0.007788 
6.581940 	 0.000000 	 0.000000 	 0.007207 
6.622074 	 0.000000 	 0.000000 	 0.006846 
6.662207 	 0.000000 	 0.000000 	 0.006553 
6.702341 	 0.000000 	 0.000000 	 0.006572 
6.742475 	 0.000000 	 0.000000 	 0.006388 
6.782609 	 0.000000 	 0.000000 	 0.006214 
6.822742 	 0.000000 	 0.000000 	 0.006047 
6.862876 	 0.000000 	 0.000000 	 0.006150 
6.903010 	 0.000000 	 0.000000 	 0.006270 
6.943144 	 0.000000 	 0.000000 	 0.006033 
6.983278 	 0.000000 	 0.000000 	 0.005784 
7.023411 	 0.000000 	 0.000000 	 0.005796 
7.063545 	 0.000000 	 0.000000 	 0.005826 
7.103679 	 0.000000 	 0.000000 	 0.005743 
7.143813 	 0.000000 	 0.000000 	 0.005676 
7.183946 	 0.000000 	 0.000000 	 0.005577 
7.224080 	 0.000000 	 0.000000 	 0.005596 
7.264214 	 0.000000 	 0.000000 	 0.005489 
7.304348 	 0.000000 	 0.000000 	 0.005538 
7.344482 	 0.000000 	 0.000000 	 0.005528 
7.384615 	 0.000000 	 0.000000 	 0.005456 
7.424749 	 0.000000 	 0.000000 	 0.005321 
7.464883 	 0.000000 	 0.000000 	 0.005249 
7.505017 	 0.000000 	 0.000000 	 0.005068 
7.545151 	 0.000000 	 0.000000 	 0.004768 
7.585284 	 0.000000 	 0.000000 	 0.004444 
7.625418 	 0.000000 	 0.000000 	 0.004267 
7.665552 	 0.000000 	 0.000000 	 0.004089 
7.705686 	 0.000000 	 0.000000 	 0.003958 
7.745819 	 0.000000 	 0.000000 	 0.003819 
7.785953 	 0.000000 	 0.000000 	 0.003612 
7.826087 	 0.000000 	 0.000000 	 0.003413 
7.866221 	 0.000000 	 0.000000 	 0.003283 
7.906355 	 0.000000 	 0.000000 	 0.003080 
7.946488 	 0.000000 	 0.000000 	 0.002867 
7.986622 	 0.000000 	 0.000000 	 0.002647 
8.026756 	 0.000000 	 0.000000 	 0.002393 
8.066890 	 0.000000 	 0.000000 	 0.002227 
8.107023 	 0.000000 	 0.000000 	 0.001932 
8.147157 	 0.000000 	 0.000000 	 0.001705 
8.187291 	 0.000000 	 0.000000 	 0.001510 
8.227425 	 0.000000 	 0.000000 	 0.001404 
8.267559 	 0.000000 	 0.000000 	 0.001192 
8.307692 	 0.000000 	 0.000000 	 0.001040 
8.347826 	 0.000000 	 0.000000 	 0.000893 
8.387960 	 0.000000 	 0.000000 	 0.000726 
8.428094 	 0.000000 	 0.000000 	 0.000651 
8.468227 	 0.000000 	 0.000000 	 0.000604 
8.508361 	 0.000000 	 0.000000 	 0.000492 
8.548495 	 0.000000 	 0.000000 	 0.000434 
8.588629 	 0.000000 	 0.000000 	 0.000437 
8.628763 	 0.000000 	 0.000000 	 0.000419 
8.668896 	 0.000000 	 0.000000 	 0.000403 
8.709030 	 0.000000 	 0.000000 	 0.000373 
8.749164 	 0.000000 	 0.000000 	 0.000344 
8.789298 	 0.000000 	 0.000000 	 0.000334 
8.829431 	 0.000000 	 0.000000 	 0.000313 
8.869565 	 0.000000 	 0.000000 	 0.000266 
8.909699 	 0.000000 	 0.000000 	 0.000209 
8.949833 	 0.000000 	 0.000000 	 0.000151 
8.989967 	 0.000000 	 0.000000 	 0.000104 
9.030100 	 0.000000 	 0.000000 	 0.000072 
9.070234 	 0.000000 	 0.000000 	 0.000053 
9.110368 	 0.000000 	 0.000000 	 0.000042 
9.150502 	 0.000000 	 0.000000 	 0.000027 
9.190635 	 0.000000 	 0.000000 	 0.000020 
9.230769 	 0.000000 	 0.000000 	 0.000011 
9.270903 	 0.000000 	 0.000000 	 0.000006 
9.311037 	 0.000000 	 0.000000 	 0.000002 
9.351171 	 0.000000 	 0.000000 	 0.000001 
9.391304 	 0.000000 	 0.000000 	 0.000000 
9.431438 	 0.000000 	 0.000000 	 0.000000 
9.471572 	 0.000000 	 0.000000 	 0.000000 
9.511706 	 0.000000 	 0.000000 	 0.000000 
9.551839 	 0.000000 	 0.000000 	 0.000000 
9.591973 	 0.000000 	 0.000000 	 0.000000 
9.632107 	 0.000000 	 0.000000 	 0.000000 
9.672241 	 0.000000 	 0.000000 	 0.000000 
9.712375 	 0.000000 	 0.000000 	 0.000000 
9.752508 	 0.000000 	 0.000000 	 0.000000 
9.792642 	 0.000000 	 0.000000 	 0.000000 
9.832776 	 0.000000 	 0.000000 	 0.000000 
9.872910 	 0.000000 	 0.000000 	 0.000000 
9.913043 	 0.000000 	 0.000000 	 0.000000 
9.953177 	 0.000000 	 0.000000 	 0.000000 
9.993311 	 0.000000 	 0.000000 	 0.000000 
10.033445 	 0.000000 	 0.000000 	 0.000000 
10.073579 	 0.000000 	 0.000000 	 0.000000 
10.113712 	 0.000000 	 0.000000 	 0.000000 
10.153846 	 0.000000 	 0.000000 	 0.000000 
10.193980 	 0.000000 	 0.000000 	 0.000000 
10.234114 	 0.000000 	 0.000000 	 0.000000 
10.274247 	 0.000000 	 0.000000 	 0.000000 
10.314381 	 0.000000 	 0.000000 	 0.000000 
10.354515 	 0.000000 	 0.000000 	 0.000000 
10.394649 	 0.000000 	 0.000000 	 0.000000 
10.434783 	 0.000000 	 0.000000 	 0.000000 
10.474916 	 0.000000 	 0.000000 	 0.000000 
10.515050 	 0.000000 	 0.000000 	 0.000000 
10.555184 	 0.000000 	 0.000000 	 0.000000 
10.595318 	 0.000000 	 0.000000 	 0.000000 
10.635452 	 0.000000 	 0.000000 	 0.000000 
10.675585 	 0.000000 	 0.000000 	 0.000000 
10.715719 	 0.000000 	 0.000000 	 0.000000 
10.755853 	 0.000000 	 0.000000 	 0.000000 
10.795987 	 0.000000 	 0.000000 	 0.000000 
10.836120 	 0.000000 	 0.000000 	 0.000000 
10.876254 	 0.000000 	 0.000000 	 0.000000 
10.916388 	 0.000000 	 0.000000 	 0.000000 
10.956522 	 0.000000 	 0.000000 	 0.000000 
10.996656 	 0.000000 	 0.000000 	 0.000000 
11.036789 	 0.000000 	 0.000000 	 0.000000 
11.076923 	 0.000000 	 0.000000 	 0.000000 
11.117057 	 0.000000 	 0.000000 	 0.000000 
11.157191 	 0.000000 	 0.000000 	 0.000000 
11.197324 	 0.000000 	 0.000000 	 0.000000 
11.237458 	 0.000000 	 0.000000 	 0.000000 
11.277592 	 0.000000 	 0.000000 	 0.000000 
11.317726 	 0.000000 	 0.000000 	 0.000000 
11.357860 	 0.000000 	 0.000000 	 0.000000 
11.397993 	 0.000000 	 0.000000 	 0.000000 
11.438127 	 0.000000 	 0.000000 	 0.000000 
11.478261 	 0.000000 	 0.000000 	 0.000000 
11.518395 	 0.000000 	 0.000000 	 0.000000 
11.558528 	 0.000000 	 0.000000 	 0.000000 
11.598662 	 0.000000 	 0.000000 	 0.000000 
11.638796 	 0.000000 	 0.000000 	 0.000000 
11.678930 	 0.000000 	 0.000000 	 0.000000 
11.719064 	 0.000000 	 0.000000 	 0.000000 
11.759197 	 0.000000 	 0.000000 	 0.000000 
11.799331 	 0.000000 	 0.000000 	 0.000000 
11.839465 	 0.000000 	 0.000000 	 0.000000 
11.879599 	 0.000000 	 0.000000 	 0.000000 
11.919732 	 0.000000 	 0.000000 	 0.000000 
11.959866 	 0.000000 	 0.000000 	 0.000000 
12.000000 	 0.000000 	 0.000000 	 0.000000 
