0.000000 	 0.000000 	 0.000000 	 0.000000 
0.040134 	 0.002827 	 0.002477 	 0.003558 
0.080268 	 0.005672 	 0.004975 	 0.007130 
0.120401 	 0.008555 	 0.007513 	 0.010730 
0.160535 	 0.011491 	 0.010111 	 0.014371 
0.200669 	 0.014497 	 0.012786 	 0.018065 
0.240803 	 0.017589 	 0.015555 	 0.021823 
0.280936 	 0.020773 	 0.018432 	 0.025655 
0.321070 	 0.024071 	 0.021433 	 0.029572 
0.361204 	 0.027485 	 0.024570 	 0.033582 
0.401338 	 0.031035 	 0.027855 	 0.037708 
0.441472 	 0.034732 	 0.031299 	 0.041948 
0.481605 	 0.038581 	 0.034921 	 0.046308 
0.521739 	 0.042587 	 0.038701 	 0.050794 
0.561873 	 0.046759 	 0.042661 	 0.055412 
0.602007 	 0.051097 	 0.046811 	 0.060164 
0.642140 	 0.055594 	 0.051149 	 0.065056 
0.682274 	 0.060290 	 0.055649 	 0.070090 
0.722408 	 0.065182 	 0.060402 	 0.075266 
0.762542 	 0.070231 	 0.065322 	 0.080587 
0.802676 	 0.075473 	 0.070465 	 0.085958 
0.842809 	 0.080888 	 0.075738 	 0.091486 
0.882943 	 0.086488 	 0.081141 	 0.097154 
0.923077 	 0.092240 	 0.086690 	 0.102954 
0.963211 	 0.098216 	 0.092445 	 0.108920 
1.003344 	 0.104359 	 0.098481 	 0.115140 
1.043478 	 0.110660 	 0.104568 	 0.121490 
1.083612 	 0.117125 	 0.110727 	 0.127842 
1.123746 	 0.123775 	 0.117150 	 0.134362 
1.163880 	 0.130499 	 0.123709 	 0.140944 
1.204013 	 0.137398 	 0.130518 	 0.147722 
1.244147 	 0.144397 	 0.137397 	 0.154632 
1.284281 	 0.151472 	 0.144232 	 0.161603 
1.324415 	 0.158672 	 0.151285 	 0.168672 
1.364548 	 0.165935 	 0.158305 	 0.175796 
1.404682 	 0.173264 	 0.165475 	 0.182961 
1.444816 	 0.180661 	 0.172524 	 0.190629 
1.484950 	 0.188079 	 0.179620 	 0.198216 
1.525084 	 0.195488 	 0.186677 	 0.206086 
1.565217 	 0.202917 	 0.193679 	 0.213803 
1.605351 	 0.210318 	 0.200636 	 0.221306 
1.645485 	 0.217655 	 0.207720 	 0.228958 
1.685619 	 0.224902 	 0.214692 	 0.236219 
1.725753 	 0.232016 	 0.221555 	 0.243944 
1.765886 	 0.239057 	 0.228393 	 0.250835 
1.806020 	 0.245977 	 0.234964 	 0.257690 
1.846154 	 0.252735 	 0.241285 	 0.264220 
1.886288 	 0.259299 	 0.247384 	 0.270576 
1.926421 	 0.265703 	 0.253287 	 0.276827 
1.966555 	 0.271896 	 0.258952 	 0.282825 
2.006689 	 0.277850 	 0.264547 	 0.289040 
2.046823 	 0.283585 	 0.269971 	 0.294863 
2.086957 	 0.289007 	 0.275193 	 0.300450 
2.127090 	 0.294185 	 0.280069 	 0.305759 
2.167224 	 0.299044 	 0.284594 	 0.310775 
2.207358 	 0.303547 	 0.289001 	 0.315481 
2.247492 	 0.307713 	 0.292910 	 0.319862 
2.287625 	 0.311518 	 0.296538 	 0.323905 
2.327759 	 0.315017 	 0.299908 	 0.327595 
2.367893 	 0.318163 	 0.302840 	 0.330922 
2.408027 	 0.320908 	 0.305409 	 0.333874 
2.448161 	 0.323266 	 0.307640 	 0.336442 
2.488294 	 0.325287 	 0.309504 	 0.338620 
2.528428 	 0.326869 	 0.310926 	 0.340399 
2.568562 	 0.328106 	 0.312009 	 0.341777 
2.608696 	 0.328938 	 0.312709 	 0.342878 
2.648829 	 0.329403 	 0.313038 	 0.343579 
2.688963 	 0.329425 	 0.312999 	 0.343879 
2.729097 	 0.329104 	 0.312478 	 0.343296 
2.769231 	 0.328409 	 0.311583 	 0.342555 
2.809365 	 0.327296 	 0.310319 	 0.341372 
2.849498 	 0.325830 	 0.308747 	 0.339769 
2.889632 	 0.323965 	 0.306904 	 0.337875 
2.929766 	 0.321767 	 0.304716 	 0.335668 
2.969900 	 0.319135 	 0.302193 	 0.333080 
3.010033 	 0.316263 	 0.299435 	 0.330121 
3.050167 	 0.313043 	 0.296304 	 0.327070 
3.090301 	 0.309476 	 0.292939 	 0.323550 
3.130435 	 0.305600 	 0.289128 	 0.319633 
3.170569 	 0.301455 	 0.284985 	 0.315445 
3.210702 	 0.297028 	 0.280601 	 0.311154 
3.250836 	 0.292294 	 0.276062 	 0.306523 
3.290970 	 0.287328 	 0.271200 	 0.301459 
3.331104 	 0.282104 	 0.266172 	 0.296256 
3.371237 	 0.276702 	 0.261009 	 0.290817 
3.411371 	 0.271116 	 0.255627 	 0.285071 
3.451505 	 0.265353 	 0.249994 	 0.278978 
3.491639 	 0.259436 	 0.244206 	 0.272848 
3.531773 	 0.253399 	 0.238358 	 0.266439 
3.571906 	 0.247177 	 0.232386 	 0.259851 
3.612040 	 0.240843 	 0.226304 	 0.253093 
3.652174 	 0.234473 	 0.220087 	 0.246229 
3.692308 	 0.227996 	 0.213790 	 0.239442 
3.732441 	 0.221416 	 0.207449 	 0.232459 
3.772575 	 0.214844 	 0.201112 	 0.225345 
3.812709 	 0.208196 	 0.194706 	 0.218357 
3.852843 	 0.201548 	 0.188244 	 0.211245 
3.892977 	 0.194928 	 0.181787 	 0.204028 
3.933110 	 0.188297 	 0.175359 	 0.196810 
3.973244 	 0.181684 	 0.168983 	 0.189557 
4.013378 	 0.175128 	 0.162658 	 0.182483 
4.053512 	 0.168682 	 0.156433 	 0.175554 
4.093645 	 0.162259 	 0.150330 	 0.168671 
4.133779 	 0.155932 	 0.144393 	 0.161884 
4.173913 	 0.149675 	 0.138560 	 0.155241 
4.214047 	 0.143532 	 0.132798 	 0.148563 
4.254181 	 0.137506 	 0.127231 	 0.142032 
4.294314 	 0.131611 	 0.121794 	 0.135788 
4.334448 	 0.125829 	 0.116469 	 0.129752 
4.374582 	 0.120180 	 0.111292 	 0.123721 
4.414716 	 0.114695 	 0.106251 	 0.117966 
4.454849 	 0.109311 	 0.101378 	 0.112292 
4.494983 	 0.104078 	 0.096724 	 0.106967 
4.535117 	 0.099066 	 0.092225 	 0.101808 
4.575251 	 0.094234 	 0.087866 	 0.096866 
4.615385 	 0.089569 	 0.083714 	 0.092020 
4.655518 	 0.085094 	 0.079735 	 0.087473 
4.695652 	 0.080765 	 0.075927 	 0.083088 
4.735786 	 0.076650 	 0.072144 	 0.078883 
4.775920 	 0.072684 	 0.068470 	 0.074787 
4.816054 	 0.068914 	 0.064943 	 0.070966 
4.856187 	 0.065278 	 0.061493 	 0.067369 
4.896321 	 0.061839 	 0.057908 	 0.063948 
4.936455 	 0.058584 	 0.054461 	 0.060703 
4.976589 	 0.055503 	 0.051136 	 0.057613 
5.016722 	 0.052582 	 0.048080 	 0.054742 
5.056856 	 0.049772 	 0.045124 	 0.052015 
5.096990 	 0.047148 	 0.042396 	 0.049475 
5.137124 	 0.044678 	 0.039906 	 0.047072 
5.177258 	 0.042378 	 0.037535 	 0.044858 
5.217391 	 0.040165 	 0.035411 	 0.042707 
5.257525 	 0.038056 	 0.033439 	 0.040702 
5.297659 	 0.036106 	 0.031601 	 0.038856 
5.337793 	 0.034276 	 0.029928 	 0.037043 
5.377926 	 0.032572 	 0.028413 	 0.035349 
5.418060 	 0.031001 	 0.026957 	 0.033780 
5.458194 	 0.029525 	 0.025614 	 0.032282 
5.498328 	 0.028175 	 0.024427 	 0.030891 
5.538462 	 0.026949 	 0.023394 	 0.029553 
5.578595 	 0.025858 	 0.022391 	 0.028290 
5.618729 	 0.024813 	 0.021445 	 0.027128 
5.658863 	 0.023896 	 0.020709 	 0.026086 
5.698997 	 0.023035 	 0.019747 	 0.025254 
5.739130 	 0.022245 	 0.018911 	 0.024479 
5.779264 	 0.021588 	 0.018257 	 0.023737 
5.819398 	 0.020933 	 0.017642 	 0.023248 
5.859532 	 0.020404 	 0.016930 	 0.022868 
5.899666 	 0.019942 	 0.016324 	 0.022616 
5.939799 	 0.019505 	 0.015870 	 0.022485 
5.979933 	 0.019178 	 0.015423 	 0.022405 
6.020067 	 0.018873 	 0.014898 	 0.022390 
6.060201 	 0.018630 	 0.014477 	 0.022388 
6.100334 	 0.018459 	 0.014152 	 0.022518 
6.140468 	 0.018331 	 0.013889 	 0.022571 
6.180602 	 0.018294 	 0.013640 	 0.022608 
6.220736 	 0.018299 	 0.013300 	 0.022742 
6.260870 	 0.018358 	 0.013032 	 0.022911 
6.301003 	 0.018457 	 0.012789 	 0.023115 
6.341137 	 0.018591 	 0.012591 	 0.023360 
6.381271 	 0.018731 	 0.012359 	 0.023581 
6.421405 	 0.018919 	 0.012157 	 0.023789 
6.461538 	 0.019108 	 0.012006 	 0.024003 
6.501672 	 0.019331 	 0.011813 	 0.024215 
6.541806 	 0.019563 	 0.011704 	 0.024447 
6.581940 	 0.019810 	 0.011491 	 0.024645 
6.622074 	 0.020031 	 0.011308 	 0.024843 
6.662207 	 0.020283 	 0.010931 	 0.025016 
6.702341 	 0.020559 	 0.010430 	 0.025115 
6.742475 	 0.020849 	 0.009984 	 0.025173 
6.782609 	 0.021126 	 0.009603 	 0.025227 
6.822742 	 0.021325 	 0.009214 	 0.025298 
6.862876 	 0.021592 	 0.008817 	 0.025351 
6.903010 	 0.021843 	 0.008413 	 0.025378 
6.943144 	 0.022098 	 0.008002 	 0.025394 
6.983278 	 0.022294 	 0.007587 	 0.025355 
7.023411 	 0.022473 	 0.007188 	 0.025305 
7.063545 	 0.022655 	 0.006758 	 0.025219 
7.103679 	 0.022806 	 0.006301 	 0.025180 
7.143813 	 0.022929 	 0.005856 	 0.025072 
7.183946 	 0.023006 	 0.005376 	 0.025040 
7.224080 	 0.023026 	 0.004906 	 0.024917 
7.264214 	 0.023039 	 0.004448 	 0.024890 
7.304348 	 0.023013 	 0.004006 	 0.024833 
7.344482 	 0.022914 	 0.003581 	 0.024876 
7.384615 	 0.022812 	 0.003177 	 0.024838 
7.424749 	 0.022703 	 0.002787 	 0.024860 
7.464883 	 0.022576 	 0.002405 	 0.024879 
7.505017 	 0.022441 	 0.002049 	 0.024773 
7.545151 	 0.022254 	 0.001721 	 0.024818 
7.585284 	 0.022013 	 0.001423 	 0.024859 
7.625418 	 0.021794 	 0.001154 	 0.024908 
7.665552 	 0.021501 	 0.000915 	 0.024956 
7.705686 	 0.021203 	 0.000707 	 0.025009 
7.745819 	 0.020846 	 0.000529 	 0.025037 
7.785953 	 0.020489 	 0.000383 	 0.025037 
7.826087 	 0.020094 	 0.000266 	 0.025129 
7.866221 	 0.019712 	 0.000175 	 0.025183 
7.906355 	 0.019306 	 0.000105 	 0.025359 
7.946488 	 0.018863 	 0.000056 	 0.025507 
7.986622 	 0.018444 	 0.000025 	 0.025585 
8.026756 	 0.018000 	 0.000008 	 0.025707 
8.066890 	 0.017530 	 0.000001 	 0.025992 
8.107023 	 0.016957 	 0.000000 	 0.026264 
8.147157 	 0.016395 	 0.000000 	 0.026555 
8.187291 	 0.015837 	 0.000000 	 0.026727 
8.227425 	 0.015279 	 0.000000 	 0.026838 
8.267559 	 0.014679 	 0.000000 	 0.026902 
8.307692 	 0.014090 	 0.000000 	 0.027059 
8.347826 	 0.013461 	 0.000000 	 0.027105 
8.387960 	 0.012840 	 0.000000 	 0.027341 
8.428094 	 0.012216 	 0.000000 	 0.027549 
8.468227 	 0.011584 	 0.000000 	 0.027628 
8.508361 	 0.010976 	 0.000000 	 0.027691 
8.548495 	 0.010375 	 0.000000 	 0.027667 
8.588629 	 0.009763 	 0.000000 	 0.027615 
8.628763 	 0.009165 	 0.000000 	 0.027671 
8.668896 	 0.008588 	 0.000000 	 0.027845 
8.709030 	 0.007987 	 0.000000 	 0.027995 
8.749164 	 0.007424 	 0.000000 	 0.028121 
8.789298 	 0.006873 	 0.000000 	 0.028221 
8.829431 	 0.006339 	 0.000000 	 0.028183 
8.869565 	 0.005815 	 0.000000 	 0.028056 
8.909699 	 0.005301 	 0.000000 	 0.027901 
8.949833 	 0.004813 	 0.000000 	 0.027822 
8.989967 	 0.004351 	 0.000000 	 0.027757 
9.030100 	 0.003900 	 0.000000 	 0.027534 
9.070234 	 0.003489 	 0.000000 	 0.027549 
9.110368 	 0.003091 	 0.000000 	 0.027464 
9.150502 	 0.002722 	 0.000000 	 0.027301 
9.190635 	 0.002378 	 0.000000 	 0.027146 
9.230769 	 0.002050 	 0.000000 	 0.027046 
9.270903 	 0.001745 	 0.000000 	 0.026930 
9.311037 	 0.001471 	 0.000000 	 0.026796 
9.351171 	 0.001225 	 0.000000 	 0.026616 
9.391304 	 0.001010 	 0.000000 	 0.026401 
9.431438 	 0.000820 	 0.000000 	 0.026184 
9.471572 	 0.000652 	 0.000000 	 0.026024 
9.511706 	 0.000504 	 0.000000 	 0.025902 
9.551839 	 0.000379 	 0.000000 	 0.025741 
9.591973 	 0.000275 	 0.000000 	 0.025583 
9.632107 	 0.000191 	 0.000000 	 0.025406 
9.672241 	 0.000124 	 0.000000 	 0.025164 
9.712375 	 0.000075 	 0.000000 	 0.024934 
9.752508 	 0.000040 	 0.000000 	 0.024694 
9.792642 	 0.000018 	 0.000000 	 0.024437 
9.832776 	 0.000006 	 0.000000 	 0.024164 
9.872910 	 0.000001 	 0.000000 	 0.023844 
9.913043 	 0.000000 	 0.000000 	 0.023501 
9.953177 	 0.000000 	 0.000000 	 0.023144 
9.993311 	 0.000000 	 0.000000 	 0.022772 
10.033445 	 0.000000 	 0.000000 	 0.022388 
10.073579 	 0.000000 	 0.000000 	 0.021981 
10.113712 	 0.000000 	 0.000000 	 0.021544 
10.153846 	 0.000000 	 0.000000 	 0.021359 
10.193980 	 0.000000 	 0.000000 	 0.020932 
10.234114 	 0.000000 	 0.000000 	 0.020495 
10.274247 	 0.000000 	 0.000000 	 0.020048 
10.314381 	 0.000000 	 0.000000 	 0.019593 
10.354515 	 0.000000 	 0.000000 	 0.019129 
10.394649 	 0.000000 	 0.000000 	 0.018657 
10.434783 	 0.000000 	 0.000000 	 0.018187 
10.474916 	 0.000000 	 0.000000 	 0.017731 
10.515050 	 0.000000 	 0.000000 	 0.017269 
10.555184 	 0.000000 	 0.000000 	 0.016802 
10.595318 	 0.000000 	 0.000000 	 0.016329 
10.635452 	 0.000000 	 0.000000 	 0.015851 
10.675585 	 0.000000 	 0.000000 	 0.015370 
10.715719 	 0.000000 	 0.000000 	 0.014885 
10.755853 	 0.000000 	 0.000000 	 0.014398 
10.795987 	 0.000000 	 0.000000 	 0.013908 
10.836120 	 0.000000 	 0.000000 	 0.013417 
10.876254 	 0.000000 	 0.000000 	 0.012924 
10.916388 	 0.000000 	 0.000000 	 0.012431 
10.956522 	 0.000000 	 0.000000 	 0.011938 
10.996656 	 0.000000 	 0.000000 	 0.011445 
11.036789 	 0.000000 	 0.000000 	 0.010953 
11.076923 	 0.000000 	 0.000000 	 0.010461 
11.117057 	 0.000000 	 0.000000 	 0.009971 
11.157191 	 0.000000 	 0.000000 	 0.009483 
11.197324 	 0.000000 	 0.000000 	 0.008997 
11.237458 	 0.000000 	 0.000000 	 0.008514 
11.277592 	 0.000000 	 0.000000 	 0.008034 
11.317726 	 0.000000 	 0.000000 	 0.007558 
11.357860 	 0.000000 	 0.000000 	 0.007085 
11.397993 	 0.000000 	 0.000000 	 0.006615 
11.438127 	 0.000000 	 0.000000 	 0.006150 
11.478261 	 0.000000 	 0.000000 	 0.005688 
11.518395 	 0.000000 	 0.000000 	 0.005231 
11.558528 	 0.000000 	 0.000000 	 0.004777 
11.598662 	 0.000000 	 0.000000 	 0.004327 
11.638796 	 0.000000 	 0.000000 	 0.003882 
11.678930 	 0.000000 	 0.000000 	 0.003439 
11.719064 	 0.000000 	 0.000000 	 0.003001 
11.759197 	 0.000000 	 0.000000 	 0.002565 
11.799331 	 0.000000 	 0.000000 	 0.002133 
11.839465 	 0.000000 	 0.000000 	 0.001703 
11.879599 	 0.000000 	 0.000000 	 0.001275 
11.919732 	 0.000000 	 0.000000 	 0.000849 
11.959866 	 0.000000 	 0.000000 	 0.000424 
12.000000 	 0.000000 	 0.000000 	 0.000000 
