0.000000 	 0.998709 	 0.999772 	 0.996635 	 1.002795 
0.008000 	 0.982204 	 0.976981 	 0.974925 	 0.978970 
0.016000 	 0.946580 	 0.942006 	 0.940208 	 0.943893 
0.024000 	 0.908615 	 0.906533 	 0.904861 	 0.908104 
0.032000 	 0.874506 	 0.873510 	 0.872045 	 0.874760 
0.040000 	 0.840607 	 0.843685 	 0.842402 	 0.844775 
0.048000 	 0.817885 	 0.817077 	 0.815867 	 0.818092 
0.056000 	 0.791521 	 0.793435 	 0.792347 	 0.794492 
0.064000 	 0.769075 	 0.772488 	 0.771434 	 0.773511 
0.072000 	 0.752438 	 0.753962 	 0.752955 	 0.754987 
0.080000 	 0.737461 	 0.737580 	 0.736588 	 0.738580 
0.088000 	 0.722741 	 0.722993 	 0.722017 	 0.723933 
0.096000 	 0.708157 	 0.710074 	 0.709142 	 0.710995 
0.104000 	 0.698686 	 0.698605 	 0.697742 	 0.699482 
0.112000 	 0.685658 	 0.688363 	 0.687536 	 0.689184 
0.120000 	 0.680412 	 0.679329 	 0.678547 	 0.680132 
0.128000 	 0.671671 	 0.671154 	 0.670360 	 0.671877 
0.136000 	 0.666747 	 0.664010 	 0.663227 	 0.664740 
0.144000 	 0.659098 	 0.657421 	 0.656681 	 0.658133 
0.152000 	 0.652638 	 0.651764 	 0.651024 	 0.652464 
0.160000 	 0.648983 	 0.646534 	 0.645823 	 0.647211 
0.168000 	 0.643066 	 0.641879 	 0.641190 	 0.642565 
0.176000 	 0.639538 	 0.637840 	 0.637159 	 0.638520 
0.184000 	 0.633787 	 0.633989 	 0.633326 	 0.634689 
0.192000 	 0.630444 	 0.630749 	 0.630098 	 0.631409 
0.200000 	 0.625687 	 0.627816 	 0.627175 	 0.628441 
0.208000 	 0.623198 	 0.624991 	 0.624341 	 0.625632 
0.216000 	 0.621185 	 0.622708 	 0.622092 	 0.623341 
0.224000 	 0.617750 	 0.620607 	 0.619990 	 0.621240 
0.232000 	 0.618569 	 0.618458 	 0.617838 	 0.619092 
0.240000 	 0.619779 	 0.616904 	 0.616313 	 0.617505 
0.248000 	 0.614620 	 0.615433 	 0.614853 	 0.616036 
0.256000 	 0.614693 	 0.613794 	 0.613210 	 0.614408 
0.264000 	 0.613359 	 0.612568 	 0.611987 	 0.613191 
0.272000 	 0.610661 	 0.611732 	 0.611157 	 0.612321 
0.280000 	 0.609995 	 0.610503 	 0.609927 	 0.611090 
0.288000 	 0.608458 	 0.609430 	 0.608861 	 0.610033 
0.296000 	 0.607904 	 0.608852 	 0.608288 	 0.609442 
0.304000 	 0.609605 	 0.608232 	 0.607666 	 0.608805 
0.312000 	 0.606348 	 0.607342 	 0.606789 	 0.607910 
0.320000 	 0.604884 	 0.606615 	 0.606057 	 0.607192 
0.328000 	 0.604567 	 0.606344 	 0.605770 	 0.606896 
0.336000 	 0.606466 	 0.605962 	 0.605380 	 0.606503 
0.344000 	 0.606333 	 0.605324 	 0.604750 	 0.605862 
0.352000 	 0.606624 	 0.604785 	 0.604228 	 0.605317 
0.360000 	 0.605115 	 0.604508 	 0.603957 	 0.605029 
0.368000 	 0.602283 	 0.604494 	 0.603932 	 0.605038 
0.376000 	 0.604331 	 0.604126 	 0.603574 	 0.604650 
0.384000 	 0.604956 	 0.603496 	 0.602957 	 0.604002 
0.392000 	 0.604506 	 0.603270 	 0.602726 	 0.603777 
0.400000 	 0.603436 	 0.603255 	 0.602701 	 0.603767 
0.408000 	 0.603489 	 0.603284 	 0.602723 	 0.603818 
0.416000 	 0.601078 	 0.602950 	 0.602395 	 0.603477 
0.424000 	 0.602685 	 0.602318 	 0.601790 	 0.602794 
0.432000 	 0.600177 	 0.602162 	 0.601646 	 0.602639 
0.440000 	 0.603559 	 0.602456 	 0.601913 	 0.602948 
0.448000 	 0.606046 	 0.602460 	 0.601932 	 0.602958 
0.456000 	 0.601686 	 0.602006 	 0.601489 	 0.602478 
0.464000 	 0.604613 	 0.601605 	 0.601098 	 0.602069 
0.472000 	 0.599132 	 0.601359 	 0.600869 	 0.601816 
0.480000 	 0.602100 	 0.601522 	 0.601023 	 0.601967 
0.488000 	 0.602639 	 0.601827 	 0.601313 	 0.602292 
0.496000 	 0.599267 	 0.601518 	 0.601018 	 0.601961 
0.504000 	 0.601644 	 0.600960 	 0.600472 	 0.601394 
0.512000 	 0.600332 	 0.600659 	 0.600181 	 0.601114 
0.520000 	 0.599877 	 0.600793 	 0.600321 	 0.601244 
0.528000 	 0.601400 	 0.600896 	 0.600412 	 0.601344 
0.536000 	 0.601913 	 0.600906 	 0.600422 	 0.601355 
0.544000 	 0.602316 	 0.600806 	 0.600312 	 0.601268 
0.552000 	 0.597694 	 0.600258 	 0.599785 	 0.600706 
0.560000 	 0.599282 	 0.599820 	 0.599360 	 0.600281 
0.568000 	 0.600811 	 0.599948 	 0.599482 	 0.600391 
0.576000 	 0.600385 	 0.600138 	 0.599675 	 0.600583 
0.584000 	 0.598598 	 0.600189 	 0.599742 	 0.600639 
0.592000 	 0.600692 	 0.599978 	 0.599546 	 0.600421 
0.600000 	 0.598056 	 0.599597 	 0.599172 	 0.600039 
0.608000 	 0.600671 	 0.599243 	 0.598819 	 0.599684 
0.616000 	 0.600513 	 0.598921 	 0.598495 	 0.599368 
0.624000 	 0.599247 	 0.598951 	 0.598531 	 0.599401 
0.632000 	 0.601001 	 0.599338 	 0.598928 	 0.599777 
0.640000 	 0.596791 	 0.599501 	 0.599085 	 0.599936 
0.648000 	 0.597508 	 0.598961 	 0.598548 	 0.599385 
0.656000 	 0.597874 	 0.598412 	 0.598005 	 0.598839 
0.664000 	 0.595537 	 0.598054 	 0.597649 	 0.598477 
0.672000 	 0.602590 	 0.597935 	 0.597529 	 0.598352 
0.680000 	 0.595447 	 0.598089 	 0.597682 	 0.598502 
0.688000 	 0.597329 	 0.598277 	 0.597874 	 0.598687 
0.696000 	 0.597124 	 0.598369 	 0.597969 	 0.598774 
0.704000 	 0.597951 	 0.598165 	 0.597756 	 0.598572 
0.712000 	 0.597351 	 0.597455 	 0.597063 	 0.597860 
0.720000 	 0.596273 	 0.596770 	 0.596371 	 0.597184 
0.728000 	 0.598341 	 0.596631 	 0.596236 	 0.597051 
0.736000 	 0.596475 	 0.597015 	 0.596627 	 0.597426 
0.744000 	 0.597053 	 0.597297 	 0.596899 	 0.597706 
0.752000 	 0.595487 	 0.597162 	 0.596760 	 0.597586 
0.760000 	 0.598316 	 0.597017 	 0.596609 	 0.597430 
0.768000 	 0.595961 	 0.596532 	 0.596134 	 0.596958 
0.776000 	 0.597987 	 0.595980 	 0.595580 	 0.596415 
0.784000 	 0.596211 	 0.595618 	 0.595223 	 0.596056 
0.792000 	 0.594496 	 0.595473 	 0.595071 	 0.595914 
0.800000 	 0.597659 	 0.595550 	 0.595149 	 0.595998 
0.808000 	 0.594524 	 0.595964 	 0.595556 	 0.596394 
0.816000 	 0.596854 	 0.596148 	 0.595734 	 0.596581 
0.824000 	 0.598094 	 0.595746 	 0.595334 	 0.596166 
0.832000 	 0.594851 	 0.595081 	 0.594682 	 0.595503 
0.840000 	 0.596433 	 0.594540 	 0.594136 	 0.594969 
0.848000 	 0.595665 	 0.594383 	 0.593982 	 0.594789 
0.856000 	 0.594718 	 0.594348 	 0.593935 	 0.594741 
0.864000 	 0.594480 	 0.594182 	 0.593777 	 0.594594 
0.872000 	 0.597287 	 0.594291 	 0.593881 	 0.594703 
0.880000 	 0.595338 	 0.594567 	 0.594154 	 0.594963 
0.888000 	 0.592265 	 0.594509 	 0.594090 	 0.594903 
0.896000 	 0.593728 	 0.594273 	 0.593849 	 0.594669 
0.904000 	 0.593501 	 0.593712 	 0.593301 	 0.594104 
0.912000 	 0.593412 	 0.593055 	 0.592645 	 0.593450 
0.920000 	 0.592654 	 0.592540 	 0.592118 	 0.592961 
0.928000 	 0.591996 	 0.592624 	 0.592216 	 0.593026 
0.936000 	 0.591931 	 0.592963 	 0.592562 	 0.593355 
0.944000 	 0.592876 	 0.593107 	 0.592710 	 0.593511 
0.952000 	 0.592501 	 0.593067 	 0.592671 	 0.593470 
0.960000 	 0.593579 	 0.592961 	 0.592556 	 0.593361 
0.968000 	 0.592298 	 0.592764 	 0.592367 	 0.593164 
0.976000 	 0.589482 	 0.592406 	 0.592018 	 0.592799 
0.984000 	 0.591866 	 0.591848 	 0.591473 	 0.592247 
0.992000 	 0.592593 	 0.591176 	 0.590776 	 0.591574 
1.000000 	 0.593827 	 0.590947 	 0.590547 	 0.591345 
1.008000 	 0.590498 	 0.591155 	 0.590770 	 0.591542 
1.016000 	 0.593368 	 0.591442 	 0.591070 	 0.591836 
1.024000 	 0.589989 	 0.591803 	 0.591437 	 0.592200 
1.032000 	 0.590648 	 0.592079 	 0.591696 	 0.592511 
1.040000 	 0.591709 	 0.591692 	 0.591314 	 0.592100 
1.048000 	 0.591781 	 0.591024 	 0.590640 	 0.591421 
1.056000 	 0.592167 	 0.590323 	 0.589930 	 0.590716 
1.064000 	 0.591554 	 0.589994 	 0.589612 	 0.590392 
1.072000 	 0.589100 	 0.589943 	 0.589557 	 0.590342 
1.080000 	 0.590809 	 0.589795 	 0.589417 	 0.590193 
1.088000 	 0.587801 	 0.589771 	 0.589394 	 0.590162 
1.096000 	 0.587646 	 0.589988 	 0.589606 	 0.590385 
1.104000 	 0.588143 	 0.590366 	 0.589990 	 0.590758 
1.112000 	 0.587239 	 0.590633 	 0.590259 	 0.591041 
1.120000 	 0.591193 	 0.590553 	 0.590170 	 0.590964 
1.128000 	 0.589389 	 0.589941 	 0.589576 	 0.590345 
1.136000 	 0.590235 	 0.589144 	 0.588786 	 0.589542 
1.144000 	 0.592449 	 0.588584 	 0.588216 	 0.588975 
1.152000 	 0.587899 	 0.588345 	 0.587980 	 0.588739 
1.160000 	 0.588624 	 0.588237 	 0.587870 	 0.588636 
1.168000 	 0.591184 	 0.588553 	 0.588195 	 0.588948 
1.176000 	 0.585846 	 0.589041 	 0.588669 	 0.589443 
1.184000 	 0.588376 	 0.589272 	 0.588885 	 0.589683 
1.192000 	 0.586602 	 0.589089 	 0.588725 	 0.589481 
1.200000 	 0.587219 	 0.588938 	 0.588575 	 0.589331 
1.208000 	 0.586437 	 0.588789 	 0.588407 	 0.589182 
1.216000 	 0.589493 	 0.588510 	 0.588127 	 0.588900 
1.224000 	 0.589953 	 0.588203 	 0.587805 	 0.588611 
1.232000 	 0.588129 	 0.587578 	 0.587193 	 0.587960 
1.240000 	 0.590017 	 0.587075 	 0.586701 	 0.587453 
1.248000 	 0.586005 	 0.586978 	 0.586599 	 0.587352 
1.256000 	 0.588041 	 0.587190 	 0.586809 	 0.587563 
1.264000 	 0.586636 	 0.587617 	 0.587231 	 0.587988 
1.272000 	 0.588179 	 0.588091 	 0.587706 	 0.588484 
1.280000 	 0.586457 	 0.588247 	 0.587858 	 0.588637 
1.288000 	 0.588207 	 0.588130 	 0.587736 	 0.588513 
1.296000 	 0.588469 	 0.587826 	 0.587434 	 0.588196 
1.304000 	 0.586660 	 0.587479 	 0.587087 	 0.587854 
1.312000 	 0.584955 	 0.586960 	 0.586571 	 0.587323 
1.320000 	 0.586375 	 0.586477 	 0.586097 	 0.586820 
1.328000 	 0.588247 	 0.586319 	 0.585946 	 0.586661 
1.336000 	 0.586159 	 0.586443 	 0.586062 	 0.586807 
1.344000 	 0.587965 	 0.586415 	 0.586033 	 0.586779 
1.352000 	 0.583651 	 0.586190 	 0.585821 	 0.586527 
1.360000 	 0.584617 	 0.586281 	 0.585911 	 0.586620 
1.368000 	 0.586407 	 0.586707 	 0.586335 	 0.587046 
1.376000 	 0.586354 	 0.587243 	 0.586867 	 0.587586 
1.384000 	 0.585858 	 0.587441 	 0.587063 	 0.587780 
1.392000 	 0.586060 	 0.587363 	 0.586976 	 0.587712 
1.400000 	 0.585223 	 0.586817 	 0.586442 	 0.587154 
1.408000 	 0.585203 	 0.586019 	 0.585652 	 0.586352 
1.416000 	 0.586273 	 0.585494 	 0.585121 	 0.585826 
1.424000 	 0.585614 	 0.585219 	 0.584845 	 0.585554 
1.432000 	 0.582817 	 0.585078 	 0.584705 	 0.585422 
1.440000 	 0.587449 	 0.585304 	 0.584938 	 0.585644 
1.448000 	 0.586242 	 0.585580 	 0.585215 	 0.585919 
1.456000 	 0.586748 	 0.585762 	 0.585402 	 0.586098 
1.464000 	 0.588023 	 0.586018 	 0.585649 	 0.586362 
1.472000 	 0.587479 	 0.586315 	 0.585945 	 0.586663 
1.480000 	 0.582799 	 0.586452 	 0.586079 	 0.586800 
1.488000 	 0.588594 	 0.586300 	 0.585917 	 0.586652 
1.496000 	 0.585106 	 0.586075 	 0.585699 	 0.586425 
1.504000 	 0.584808 	 0.585820 	 0.585437 	 0.586171 
1.512000 	 0.585888 	 0.585628 	 0.585253 	 0.585973 
1.520000 	 0.586543 	 0.585083 	 0.584717 	 0.585431 
1.528000 	 0.585825 	 0.584346 	 0.583977 	 0.584694 
1.536000 	 0.584705 	 0.583885 	 0.583513 	 0.584247 
1.544000 	 0.585847 	 0.584047 	 0.583682 	 0.584400 
1.552000 	 0.585215 	 0.584644 	 0.584276 	 0.584986 
1.560000 	 0.585564 	 0.585239 	 0.584862 	 0.585590 
1.568000 	 0.582875 	 0.585725 	 0.585344 	 0.586080 
1.576000 	 0.583950 	 0.586049 	 0.585672 	 0.586406 
1.584000 	 0.584417 	 0.586014 	 0.585650 	 0.586372 
1.592000 	 0.583978 	 0.585769 	 0.585412 	 0.586127 
1.600000 	 0.585325 	 0.585364 	 0.585012 	 0.585720 
1.608000 	 0.583582 	 0.584972 	 0.584613 	 0.585327 
1.616000 	 0.585142 	 0.584630 	 0.584260 	 0.584972 
1.624000 	 0.585905 	 0.584156 	 0.583805 	 0.584510 
1.632000 	 0.585549 	 0.583997 	 0.583630 	 0.584345 
1.640000 	 0.584802 	 0.583936 	 0.583572 	 0.584284 
1.648000 	 0.585465 	 0.583822 	 0.583465 	 0.584173 
1.656000 	 0.584257 	 0.583877 	 0.583521 	 0.584234 
1.664000 	 0.584814 	 0.584223 	 0.583869 	 0.584565 
1.672000 	 0.583492 	 0.584512 	 0.584155 	 0.584860 
1.680000 	 0.583132 	 0.584745 	 0.584397 	 0.585113 
1.688000 	 0.585262 	 0.585107 	 0.584755 	 0.585472 
1.696000 	 0.586030 	 0.585491 	 0.585144 	 0.585849 
1.704000 	 0.583329 	 0.585674 	 0.585318 	 0.586024 
1.712000 	 0.583454 	 0.585375 	 0.585013 	 0.585722 
1.720000 	 0.583403 	 0.584558 	 0.584200 	 0.584900 
1.728000 	 0.583907 	 0.583643 	 0.583296 	 0.584008 
1.736000 	 0.583537 	 0.583105 	 0.582765 	 0.583472 
1.744000 	 0.584558 	 0.583059 	 0.582718 	 0.583420 
1.752000 	 0.584141 	 0.583253 	 0.582918 	 0.583601 
1.760000 	 0.584502 	 0.583408 	 0.583072 	 0.583758 
1.768000 	 0.583305 	 0.583628 	 0.583283 	 0.583972 
1.776000 	 0.583265 	 0.583817 	 0.583470 	 0.584168 
1.784000 	 0.584737 	 0.584057 	 0.583711 	 0.584405 
1.792000 	 0.586347 	 0.584223 	 0.583874 	 0.584577 
1.800000 	 0.584874 	 0.584326 	 0.583977 	 0.584686 
1.808000 	 0.587564 	 0.584513 	 0.584161 	 0.584876 
1.816000 	 0.581882 	 0.584622 	 0.584268 	 0.584986 
1.824000 	 0.584021 	 0.584524 	 0.584167 	 0.584881 
1.832000 	 0.583412 	 0.584309 	 0.583951 	 0.584664 
1.840000 	 0.583007 	 0.584012 	 0.583654 	 0.584359 
1.848000 	 0.582469 	 0.583635 	 0.583285 	 0.583983 
1.856000 	 0.584920 	 0.583241 	 0.582888 	 0.583584 
1.864000 	 0.585327 	 0.582728 	 0.582368 	 0.583083 
1.872000 	 0.582887 	 0.582377 	 0.582028 	 0.582743 
1.880000 	 0.584484 	 0.582401 	 0.582053 	 0.582750 
1.888000 	 0.581838 	 0.582483 	 0.582132 	 0.582840 
1.896000 	 0.582684 	 0.582693 	 0.582335 	 0.583055 
1.904000 	 0.584850 	 0.583365 	 0.583011 	 0.583710 
1.912000 	 0.584616 	 0.584110 	 0.583755 	 0.584451 
1.920000 	 0.583020 	 0.584498 	 0.584140 	 0.584838 
1.928000 	 0.582084 	 0.584383 	 0.584033 	 0.584719 
1.936000 	 0.583851 	 0.584028 	 0.583673 	 0.584368 
1.944000 	 0.585713 	 0.583685 	 0.583332 	 0.584024 
1.952000 	 0.583395 	 0.583418 	 0.583058 	 0.583760 
1.960000 	 0.582151 	 0.583361 	 0.583011 	 0.583687 
1.968000 	 0.581033 	 0.583215 	 0.582874 	 0.583541 
1.976000 	 0.583104 	 0.582876 	 0.582531 	 0.583204 
1.984000 	 0.583827 	 0.582515 	 0.582174 	 0.582850 
1.992000 	 0.582283 	 0.582216 	 0.581870 	 0.582544 
2.000000 	 0.584437 	 0.582066 	 0.581725 	 0.582389 
2.008000 	 0.581773 	 0.581995 	 0.581661 	 0.582316 
2.016000 	 0.586256 	 0.581968 	 0.581631 	 0.582294 
2.024000 	 0.582283 	 0.582128 	 0.581786 	 0.582456 
2.032000 	 0.582246 	 0.582510 	 0.582165 	 0.582835 
2.040000 	 0.583888 	 0.582979 	 0.582634 	 0.583299 
2.048000 	 0.583366 	 0.583407 	 0.583053 	 0.583728 
2.056000 	 0.581319 	 0.583761 	 0.583405 	 0.584082 
2.064000 	 0.583015 	 0.583918 	 0.583560 	 0.584238 
2.072000 	 0.582840 	 0.583955 	 0.583599 	 0.584270 
2.080000 	 0.581567 	 0.583770 	 0.583426 	 0.584080 
2.088000 	 0.581141 	 0.583130 	 0.582790 	 0.583441 
2.096000 	 0.582899 	 0.582420 	 0.582089 	 0.582729 
2.104000 	 0.584035 	 0.581763 	 0.581424 	 0.582065 
2.112000 	 0.584242 	 0.581278 	 0.580939 	 0.581587 
2.120000 	 0.582771 	 0.581111 	 0.580777 	 0.581414 
2.128000 	 0.578998 	 0.581154 	 0.580819 	 0.581457 
2.136000 	 0.584082 	 0.581435 	 0.581096 	 0.581733 
2.144000 	 0.583298 	 0.581891 	 0.581557 	 0.582191 
2.152000 	 0.581463 	 0.582253 	 0.581916 	 0.582556 
2.160000 	 0.581083 	 0.582210 	 0.581880 	 0.582509 
2.168000 	 0.584671 	 0.581998 	 0.581662 	 0.582298 
2.176000 	 0.582235 	 0.582175 	 0.581841 	 0.582471 
2.184000 	 0.583159 	 0.582666 	 0.582343 	 0.582962 
2.192000 	 0.580693 	 0.583025 	 0.582705 	 0.583327 
2.200000 	 0.583515 	 0.583226 	 0.582905 	 0.583528 
2.208000 	 0.581623 	 0.583243 	 0.582923 	 0.583547 
2.216000 	 0.583393 	 0.582978 	 0.582665 	 0.583276 
2.224000 	 0.583346 	 0.582514 	 0.582196 	 0.582807 
2.232000 	 0.582929 	 0.582033 	 0.581714 	 0.582332 
2.240000 	 0.581482 	 0.581561 	 0.581247 	 0.581865 
2.248000 	 0.581327 	 0.581110 	 0.580797 	 0.581415 
2.256000 	 0.583969 	 0.580612 	 0.580296 	 0.580926 
2.264000 	 0.581290 	 0.580246 	 0.579926 	 0.580560 
2.272000 	 0.580206 	 0.580277 	 0.579953 	 0.580593 
2.280000 	 0.580626 	 0.580493 	 0.580173 	 0.580809 
2.288000 	 0.581687 	 0.580884 	 0.580572 	 0.581196 
2.296000 	 0.583252 	 0.581363 	 0.581053 	 0.581674 
2.304000 	 0.582880 	 0.581815 	 0.581503 	 0.582129 
2.312000 	 0.580423 	 0.582279 	 0.581970 	 0.582593 
2.320000 	 0.581856 	 0.582700 	 0.582400 	 0.583024 
2.328000 	 0.581541 	 0.582851 	 0.582546 	 0.583175 
2.336000 	 0.579517 	 0.582661 	 0.582361 	 0.582983 
2.344000 	 0.584569 	 0.582264 	 0.581965 	 0.582590 
2.352000 	 0.583107 	 0.581811 	 0.581505 	 0.582134 
2.360000 	 0.582094 	 0.581414 	 0.581100 	 0.581735 
2.368000 	 0.578490 	 0.581199 	 0.580877 	 0.581525 
2.376000 	 0.580473 	 0.581054 	 0.580737 	 0.581383 
2.384000 	 0.579179 	 0.580906 	 0.580588 	 0.581232 
2.392000 	 0.580995 	 0.580829 	 0.580514 	 0.581161 
2.400000 	 0.579107 	 0.580707 	 0.580389 	 0.581045 
2.408000 	 0.582026 	 0.580381 	 0.580053 	 0.580720 
2.416000 	 0.580001 	 0.579906 	 0.579573 	 0.580244 
2.424000 	 0.580241 	 0.579706 	 0.579372 	 0.580047 
2.432000 	 0.582347 	 0.579772 	 0.579439 	 0.580113 
2.440000 	 0.579701 	 0.580249 	 0.579922 	 0.580587 
2.448000 	 0.579916 	 0.580995 	 0.580664 	 0.581346 
2.456000 	 0.583454 	 0.581470 	 0.581148 	 0.581822 
2.464000 	 0.579301 	 0.581661 	 0.581348 	 0.582002 
2.472000 	 0.581503 	 0.581798 	 0.581483 	 0.582139 
2.480000 	 0.580622 	 0.582012 	 0.581693 	 0.582349 
2.488000 	 0.583542 	 0.582186 	 0.581860 	 0.582528 
2.496000 	 0.579543 	 0.582007 	 0.581683 	 0.582349 
2.504000 	 0.579251 	 0.581620 	 0.581293 	 0.581970 
2.512000 	 0.579715 	 0.581203 	 0.580879 	 0.581549 
2.520000 	 0.580496 	 0.580624 	 0.580299 	 0.580982 
2.528000 	 0.579985 	 0.579986 	 0.579656 	 0.580340 
2.536000 	 0.579048 	 0.579524 	 0.579185 	 0.579879 
2.544000 	 0.580387 	 0.579427 	 0.579080 	 0.579786 
2.552000 	 0.580173 	 0.579437 	 0.579090 	 0.579797 
2.560000 	 0.579490 	 0.579516 	 0.579169 	 0.579875 
2.568000 	 0.580024 	 0.579633 	 0.579291 	 0.579988 
2.576000 	 0.579368 	 0.579838 	 0.579500 	 0.580188 
2.584000 	 0.579543 	 0.580138 	 0.579785 	 0.580482 
2.592000 	 0.579359 	 0.580396 	 0.580037 	 0.580731 
2.600000 	 0.580271 	 0.580478 	 0.580119 	 0.580811 
2.608000 	 0.579673 	 0.580405 	 0.580061 	 0.580744 
2.616000 	 0.582544 	 0.580423 	 0.580081 	 0.580761 
2.624000 	 0.581007 	 0.580507 	 0.580171 	 0.580844 
2.632000 	 0.579416 	 0.580692 	 0.580358 	 0.581027 
2.640000 	 0.580426 	 0.581075 	 0.580732 	 0.581394 
2.648000 	 0.578676 	 0.581388 	 0.581040 	 0.581707 
2.656000 	 0.579532 	 0.581428 	 0.581088 	 0.581739 
2.664000 	 0.576891 	 0.581370 	 0.581026 	 0.581684 
2.672000 	 0.579956 	 0.580993 	 0.580647 	 0.581317 
2.680000 	 0.577071 	 0.580368 	 0.580013 	 0.580699 
2.688000 	 0.578321 	 0.579636 	 0.579275 	 0.579972 
2.696000 	 0.580380 	 0.578978 	 0.578609 	 0.579326 
2.704000 	 0.581263 	 0.578502 	 0.578139 	 0.578850 
2.712000 	 0.578703 	 0.578366 	 0.577999 	 0.578711 
2.720000 	 0.577920 	 0.578565 	 0.578195 	 0.578916 
2.728000 	 0.581087 	 0.578886 	 0.578508 	 0.579230 
2.736000 	 0.580845 	 0.579075 	 0.578703 	 0.579415 
2.744000 	 0.577609 	 0.579102 	 0.578741 	 0.579431 
2.752000 	 0.579341 	 0.579299 	 0.578938 	 0.579622 
2.760000 	 0.580523 	 0.579675 	 0.579318 	 0.579997 
2.768000 	 0.579363 	 0.580188 	 0.579842 	 0.580509 
2.776000 	 0.581072 	 0.580696 	 0.580360 	 0.581012 
2.784000 	 0.579184 	 0.580987 	 0.580645 	 0.581306 
2.792000 	 0.579640 	 0.580890 	 0.580552 	 0.581199 
2.800000 	 0.577214 	 0.580587 	 0.580241 	 0.580908 
2.808000 	 0.579667 	 0.580366 	 0.580019 	 0.580694 
2.816000 	 0.579788 	 0.580286 	 0.579943 	 0.580608 
2.824000 	 0.579915 	 0.579985 	 0.579636 	 0.580306 
2.832000 	 0.577953 	 0.579700 	 0.579341 	 0.580019 
2.840000 	 0.583571 	 0.579557 	 0.579199 	 0.579878 
2.848000 	 0.581111 	 0.579421 	 0.579064 	 0.579746 
2.856000 	 0.579770 	 0.579277 	 0.578920 	 0.579611 
2.864000 	 0.580643 	 0.578974 	 0.578612 	 0.579306 
2.872000 	 0.578190 	 0.578655 	 0.578291 	 0.578986 
2.880000 	 0.579974 	 0.578459 	 0.578097 	 0.578796 
2.888000 	 0.578223 	 0.578345 	 0.577975 	 0.578682 
2.896000 	 0.580330 	 0.578036 	 0.577663 	 0.578371 
2.904000 	 0.579808 	 0.577808 	 0.577426 	 0.578158 
2.912000 	 0.578637 	 0.577860 	 0.577465 	 0.578219 
2.920000 	 0.575057 	 0.578205 	 0.577818 	 0.578570 
2.928000 	 0.580172 	 0.578794 	 0.578408 	 0.579166 
2.936000 	 0.577145 	 0.579520 	 0.579123 	 0.579895 
2.944000 	 0.577559 	 0.580161 	 0.579756 	 0.580538 
2.952000 	 0.579282 	 0.580655 	 0.580244 	 0.581041 
2.960000 	 0.580219 	 0.580847 	 0.580430 	 0.581239 
2.968000 	 0.577093 	 0.580835 	 0.580407 	 0.581233 
2.976000 	 0.579371 	 0.580568 	 0.580128 	 0.580966 
2.984000 	 0.580294 	 0.580101 	 0.579650 	 0.580500 
2.992000 	 0.580212 	 0.579646 	 0.579185 	 0.580047 
3.000000 	 0.577014 	 0.579153 	 0.578684 	 0.579558 
3.008000 	 0.577801 	 0.578771 	 0.578297 	 0.579176 
3.016000 	 0.577777 	 0.578451 	 0.577965 	 0.578860 
3.024000 	 0.578561 	 0.578270 	 0.577771 	 0.578687 
3.032000 	 0.576463 	 0.578108 	 0.577600 	 0.578528 
3.040000 	 0.579711 	 0.577790 	 0.577272 	 0.578228 
3.048000 	 0.582650 	 0.577480 	 0.576949 	 0.577924 
3.056000 	 0.578829 	 0.577446 	 0.576898 	 0.577897 
3.064000 	 0.580326 	 0.577563 	 0.576997 	 0.578027 
3.072000 	 0.580055 	 0.577889 	 0.577309 	 0.578363 
3.080000 	 0.580019 	 0.578379 	 0.577781 	 0.578855 
3.088000 	 0.580364 	 0.578718 	 0.578114 	 0.579212 
3.096000 	 0.580685 	 0.578727 	 0.578105 	 0.579248 
3.104000 	 0.578490 	 0.578640 	 0.578000 	 0.579174 
3.112000 	 0.580239 	 0.578631 	 0.577968 	 0.579188 
3.120000 	 0.576778 	 0.578791 	 0.578104 	 0.579365 
3.128000 	 0.578729 	 0.579136 	 0.578440 	 0.579727 
3.136000 	 0.579129 	 0.579432 	 0.578714 	 0.580044 
3.144000 	 0.578708 	 0.579708 	 0.578968 	 0.580332 
3.152000 	 0.579585 	 0.579825 	 0.579058 	 0.580459 
3.160000 	 0.579743 	 0.579815 	 0.579029 	 0.580470 
3.168000 	 0.580537 	 0.579708 	 0.578906 	 0.580373 
3.176000 	 0.579813 	 0.579561 	 0.578738 	 0.580235 
3.184000 	 0.578679 	 0.579257 	 0.578419 	 0.579927 
3.192000 	 0.579933 	 0.578638 	 0.577785 	 0.579323 
