0.000000 	 1.021774 	 1.002092 	 1.000982 	 1.003326 
0.012000 	 1.008845 	 0.979800 	 0.978768 	 0.980476 
0.024000 	 0.988545 	 0.964465 	 0.963552 	 0.964999 
0.036000 	 0.974529 	 0.951945 	 0.951222 	 0.952381 
0.048000 	 0.961195 	 0.941227 	 0.940692 	 0.941611 
0.060000 	 0.951226 	 0.932257 	 0.931886 	 0.932592 
0.072000 	 0.943640 	 0.924293 	 0.923986 	 0.924611 
0.084000 	 0.935716 	 0.917225 	 0.916937 	 0.917516 
0.096000 	 0.928318 	 0.911219 	 0.910937 	 0.911505 
0.108000 	 0.924773 	 0.905805 	 0.905527 	 0.906097 
0.120000 	 0.919275 	 0.901031 	 0.900754 	 0.901336 
0.132000 	 0.914696 	 0.896557 	 0.896288 	 0.896867 
0.144000 	 0.912703 	 0.892648 	 0.892381 	 0.892967 
0.156000 	 0.908616 	 0.889329 	 0.889067 	 0.889651 
0.168000 	 0.904568 	 0.886071 	 0.885816 	 0.886391 
0.180000 	 0.903389 	 0.883290 	 0.883042 	 0.883613 
0.192000 	 0.899965 	 0.880678 	 0.880439 	 0.880995 
0.204000 	 0.897026 	 0.878314 	 0.878083 	 0.878617 
0.216000 	 0.896314 	 0.876304 	 0.876065 	 0.876595 
0.228000 	 0.893411 	 0.874348 	 0.874119 	 0.874634 
0.240000 	 0.891605 	 0.872759 	 0.872527 	 0.873046 
0.252000 	 0.890920 	 0.871000 	 0.870778 	 0.871262 
0.264000 	 0.888410 	 0.869468 	 0.869253 	 0.869714 
0.276000 	 0.886678 	 0.868431 	 0.868218 	 0.868678 
0.288000 	 0.885709 	 0.866853 	 0.866648 	 0.867078 
0.300000 	 0.884535 	 0.865978 	 0.865775 	 0.866199 
0.312000 	 0.883160 	 0.864824 	 0.864629 	 0.865035 
0.324000 	 0.882473 	 0.863786 	 0.863599 	 0.863988 
0.336000 	 0.882075 	 0.863169 	 0.862981 	 0.863369 
0.348000 	 0.881279 	 0.862258 	 0.862074 	 0.862455 
0.360000 	 0.880407 	 0.861421 	 0.861239 	 0.861613 
0.372000 	 0.880026 	 0.861010 	 0.860825 	 0.861203 
0.384000 	 0.878655 	 0.860031 	 0.859853 	 0.860217 
0.396000 	 0.878731 	 0.859616 	 0.859436 	 0.859795 
0.408000 	 0.877350 	 0.859232 	 0.859056 	 0.859410 
0.420000 	 0.877736 	 0.858514 	 0.858342 	 0.858691 
0.432000 	 0.876901 	 0.857927 	 0.857755 	 0.858102 
0.444000 	 0.876432 	 0.857883 	 0.857713 	 0.858055 
0.456000 	 0.875244 	 0.857287 	 0.857117 	 0.857461 
0.468000 	 0.875819 	 0.856887 	 0.856717 	 0.857058 
0.480000 	 0.874134 	 0.856589 	 0.856419 	 0.856761 
0.492000 	 0.874485 	 0.856520 	 0.856346 	 0.856689 
0.504000 	 0.874833 	 0.855971 	 0.855802 	 0.856136 
0.516000 	 0.874366 	 0.855722 	 0.855557 	 0.855883 
0.528000 	 0.873685 	 0.855631 	 0.855470 	 0.855789 
0.540000 	 0.874076 	 0.855443 	 0.855279 	 0.855605 
0.552000 	 0.873250 	 0.855048 	 0.854882 	 0.855211 
0.564000 	 0.873238 	 0.854731 	 0.854565 	 0.854894 
0.576000 	 0.873520 	 0.854810 	 0.854647 	 0.854968 
0.588000 	 0.872552 	 0.854770 	 0.854610 	 0.854928 
0.600000 	 0.873315 	 0.854410 	 0.854252 	 0.854568 
0.612000 	 0.873329 	 0.854126 	 0.853966 	 0.854284 
0.624000 	 0.872878 	 0.854026 	 0.853867 	 0.854185 
0.636000 	 0.872129 	 0.854341 	 0.854181 	 0.854493 
0.648000 	 0.872712 	 0.853931 	 0.853773 	 0.854083 
0.660000 	 0.872446 	 0.853637 	 0.853476 	 0.853786 
0.672000 	 0.872442 	 0.853503 	 0.853339 	 0.853648 
0.684000 	 0.872506 	 0.853600 	 0.853436 	 0.853743 
0.696000 	 0.872099 	 0.853649 	 0.853485 	 0.853792 
0.708000 	 0.872180 	 0.853508 	 0.853344 	 0.853648 
0.720000 	 0.871630 	 0.852997 	 0.852832 	 0.853137 
0.732000 	 0.872144 	 0.853023 	 0.852859 	 0.853164 
0.744000 	 0.872284 	 0.853339 	 0.853175 	 0.853479 
0.756000 	 0.872190 	 0.853233 	 0.853073 	 0.853375 
0.768000 	 0.872166 	 0.853079 	 0.852918 	 0.853219 
0.780000 	 0.871584 	 0.852760 	 0.852601 	 0.852902 
0.792000 	 0.872341 	 0.852707 	 0.852547 	 0.852846 
0.804000 	 0.870908 	 0.852795 	 0.852636 	 0.852932 
0.816000 	 0.871494 	 0.853069 	 0.852912 	 0.853207 
0.828000 	 0.871731 	 0.852769 	 0.852613 	 0.852908 
0.840000 	 0.871363 	 0.852454 	 0.852299 	 0.852593 
0.852000 	 0.871871 	 0.852534 	 0.852381 	 0.852671 
0.864000 	 0.871108 	 0.852432 	 0.852280 	 0.852568 
0.876000 	 0.871313 	 0.852697 	 0.852547 	 0.852832 
0.888000 	 0.871284 	 0.852629 	 0.852479 	 0.852764 
0.900000 	 0.871706 	 0.852549 	 0.852402 	 0.852685 
0.912000 	 0.871050 	 0.852257 	 0.852112 	 0.852392 
0.924000 	 0.870948 	 0.852022 	 0.851880 	 0.852156 
0.936000 	 0.870475 	 0.852355 	 0.852214 	 0.852488 
0.948000 	 0.871659 	 0.852363 	 0.852220 	 0.852496 
0.960000 	 0.871575 	 0.852286 	 0.852140 	 0.852419 
0.972000 	 0.871002 	 0.852290 	 0.852149 	 0.852420 
0.984000 	 0.870962 	 0.852112 	 0.851972 	 0.852243 
0.996000 	 0.870633 	 0.851773 	 0.851633 	 0.851901 
1.008000 	 0.870983 	 0.851944 	 0.851804 	 0.852071 
1.020000 	 0.870438 	 0.852019 	 0.851879 	 0.852144 
1.032000 	 0.870747 	 0.852382 	 0.852244 	 0.852512 
1.044000 	 0.870804 	 0.852084 	 0.851946 	 0.852211 
1.056000 	 0.871090 	 0.851710 	 0.851576 	 0.851838 
1.068000 	 0.870960 	 0.851718 	 0.851584 	 0.851845 
1.080000 	 0.870278 	 0.851647 	 0.851515 	 0.851773 
1.092000 	 0.870249 	 0.851673 	 0.851543 	 0.851799 
1.104000 	 0.869562 	 0.851878 	 0.851750 	 0.852003 
1.116000 	 0.869993 	 0.852071 	 0.851941 	 0.852194 
1.128000 	 0.870016 	 0.851801 	 0.851674 	 0.851923 
1.140000 	 0.871265 	 0.851432 	 0.851304 	 0.851552 
1.152000 	 0.869696 	 0.851415 	 0.851288 	 0.851533 
1.164000 	 0.870271 	 0.851316 	 0.851188 	 0.851434 
1.176000 	 0.870065 	 0.851637 	 0.851515 	 0.851759 
1.188000 	 0.869952 	 0.851638 	 0.851515 	 0.851760 
1.200000 	 0.869736 	 0.851524 	 0.851403 	 0.851644 
1.212000 	 0.870111 	 0.851484 	 0.851362 	 0.851604 
1.224000 	 0.869216 	 0.851463 	 0.851340 	 0.851582 
1.236000 	 0.869093 	 0.851030 	 0.850904 	 0.851148 
1.248000 	 0.869000 	 0.850971 	 0.850845 	 0.851087 
1.260000 	 0.869902 	 0.851093 	 0.850970 	 0.851210 
1.272000 	 0.869693 	 0.851423 	 0.851302 	 0.851542 
1.284000 	 0.869160 	 0.851411 	 0.851291 	 0.851529 
1.296000 	 0.868862 	 0.851245 	 0.851125 	 0.851364 
1.308000 	 0.869188 	 0.851099 	 0.850980 	 0.851217 
1.320000 	 0.868936 	 0.850823 	 0.850703 	 0.850941 
1.332000 	 0.869004 	 0.850825 	 0.850706 	 0.850942 
1.344000 	 0.869010 	 0.850908 	 0.850789 	 0.851026 
1.356000 	 0.869702 	 0.850697 	 0.850577 	 0.850813 
1.368000 	 0.868973 	 0.850854 	 0.850737 	 0.850969 
1.380000 	 0.868796 	 0.851160 	 0.851045 	 0.851274 
1.392000 	 0.869412 	 0.851166 	 0.851050 	 0.851280 
1.404000 	 0.868639 	 0.850792 	 0.850675 	 0.850905 
1.416000 	 0.868886 	 0.850489 	 0.850372 	 0.850602 
1.428000 	 0.868861 	 0.850372 	 0.850255 	 0.850485 
1.440000 	 0.869182 	 0.850470 	 0.850354 	 0.850584 
1.452000 	 0.868614 	 0.850544 	 0.850428 	 0.850656 
1.464000 	 0.868962 	 0.850588 	 0.850471 	 0.850698 
1.476000 	 0.869133 	 0.850705 	 0.850590 	 0.850814 
1.488000 	 0.869453 	 0.850585 	 0.850471 	 0.850694 
1.500000 	 0.869098 	 0.850491 	 0.850377 	 0.850601 
1.512000 	 0.868749 	 0.850488 	 0.850373 	 0.850600 
1.524000 	 0.869197 	 0.850132 	 0.850015 	 0.850244 
1.536000 	 0.868675 	 0.849780 	 0.849660 	 0.849892 
1.548000 	 0.869038 	 0.849956 	 0.849838 	 0.850069 
1.560000 	 0.868688 	 0.850227 	 0.850110 	 0.850338 
1.572000 	 0.868615 	 0.850402 	 0.850286 	 0.850513 
1.584000 	 0.869076 	 0.850347 	 0.850231 	 0.850457 
1.596000 	 0.869083 	 0.850175 	 0.850056 	 0.850283 
1.608000 	 0.868834 	 0.849983 	 0.849865 	 0.850093 
1.620000 	 0.868614 	 0.849853 	 0.849732 	 0.849962 
1.632000 	 0.868658 	 0.849726 	 0.849607 	 0.849835 
1.644000 	 0.868582 	 0.849675 	 0.849558 	 0.849784 
1.656000 	 0.868309 	 0.849563 	 0.849445 	 0.849669 
1.668000 	 0.869066 	 0.849802 	 0.849687 	 0.849912 
1.680000 	 0.868411 	 0.849777 	 0.849662 	 0.849884 
1.692000 	 0.868420 	 0.849919 	 0.849803 	 0.850026 
1.704000 	 0.868510 	 0.850072 	 0.849954 	 0.850176 
1.716000 	 0.868315 	 0.849830 	 0.849712 	 0.849934 
1.728000 	 0.868202 	 0.849332 	 0.849217 	 0.849438 
1.740000 	 0.868048 	 0.849160 	 0.849044 	 0.849268 
1.752000 	 0.867537 	 0.849278 	 0.849159 	 0.849387 
1.764000 	 0.867542 	 0.849251 	 0.849130 	 0.849357 
1.776000 	 0.867423 	 0.849303 	 0.849181 	 0.849408 
1.788000 	 0.867853 	 0.849429 	 0.849307 	 0.849535 
1.800000 	 0.868126 	 0.849361 	 0.849239 	 0.849466 
1.812000 	 0.868286 	 0.849453 	 0.849329 	 0.849558 
1.824000 	 0.867748 	 0.849384 	 0.849260 	 0.849489 
1.836000 	 0.866855 	 0.849233 	 0.849109 	 0.849339 
1.848000 	 0.868043 	 0.849091 	 0.848968 	 0.849197 
1.860000 	 0.868292 	 0.848902 	 0.848780 	 0.849010 
1.872000 	 0.867937 	 0.848619 	 0.848495 	 0.848726 
1.884000 	 0.867372 	 0.848686 	 0.848563 	 0.848793 
1.896000 	 0.867375 	 0.848585 	 0.848463 	 0.848694 
1.908000 	 0.867033 	 0.849047 	 0.848929 	 0.849156 
1.920000 	 0.867727 	 0.849238 	 0.849121 	 0.849349 
1.932000 	 0.867433 	 0.848988 	 0.848871 	 0.849099 
1.944000 	 0.867324 	 0.848821 	 0.848703 	 0.848930 
1.956000 	 0.866929 	 0.848690 	 0.848573 	 0.848799 
1.968000 	 0.866478 	 0.848723 	 0.848606 	 0.848833 
1.980000 	 0.866925 	 0.848524 	 0.848406 	 0.848634 
1.992000 	 0.866402 	 0.848325 	 0.848207 	 0.848434 
2.004000 	 0.867023 	 0.848265 	 0.848147 	 0.848373 
2.016000 	 0.867076 	 0.848203 	 0.848086 	 0.848313 
2.028000 	 0.866083 	 0.848280 	 0.848164 	 0.848392 
2.040000 	 0.867015 	 0.848431 	 0.848314 	 0.848544 
2.052000 	 0.865841 	 0.848571 	 0.848453 	 0.848681 
2.064000 	 0.866775 	 0.848592 	 0.848473 	 0.848700 
2.076000 	 0.866258 	 0.848643 	 0.848525 	 0.848751 
2.088000 	 0.866070 	 0.848349 	 0.848230 	 0.848456 
2.100000 	 0.866487 	 0.848038 	 0.847921 	 0.848150 
2.112000 	 0.866158 	 0.847731 	 0.847615 	 0.847842 
2.124000 	 0.866346 	 0.847673 	 0.847556 	 0.847783 
2.136000 	 0.866549 	 0.847749 	 0.847634 	 0.847858 
2.148000 	 0.865423 	 0.848028 	 0.847914 	 0.848138 
2.160000 	 0.865536 	 0.847972 	 0.847860 	 0.848081 
2.172000 	 0.866183 	 0.847719 	 0.847606 	 0.847826 
2.184000 	 0.865610 	 0.847997 	 0.847886 	 0.848104 
2.196000 	 0.865585 	 0.848096 	 0.847984 	 0.848204 
2.208000 	 0.866188 	 0.848119 	 0.848006 	 0.848226 
2.220000 	 0.865551 	 0.847907 	 0.847797 	 0.848014 
2.232000 	 0.865729 	 0.847691 	 0.847579 	 0.847797 
2.244000 	 0.865487 	 0.847486 	 0.847375 	 0.847593 
2.256000 	 0.865551 	 0.847287 	 0.847177 	 0.847393 
2.268000 	 0.865278 	 0.847135 	 0.847026 	 0.847240 
2.280000 	 0.865444 	 0.847158 	 0.847051 	 0.847263 
2.292000 	 0.865613 	 0.847324 	 0.847217 	 0.847428 
2.304000 	 0.866089 	 0.847464 	 0.847357 	 0.847567 
2.316000 	 0.865599 	 0.847657 	 0.847547 	 0.847760 
2.328000 	 0.865635 	 0.847738 	 0.847627 	 0.847841 
2.340000 	 0.865912 	 0.847554 	 0.847446 	 0.847657 
2.352000 	 0.865471 	 0.847320 	 0.847213 	 0.847421 
2.364000 	 0.866069 	 0.847120 	 0.847017 	 0.847221 
2.376000 	 0.865811 	 0.847118 	 0.847013 	 0.847221 
2.388000 	 0.865353 	 0.847029 	 0.846924 	 0.847132 
2.400000 	 0.865814 	 0.847002 	 0.846896 	 0.847105 
2.412000 	 0.865811 	 0.846767 	 0.846664 	 0.846870 
2.424000 	 0.864913 	 0.846620 	 0.846518 	 0.846723 
2.436000 	 0.865238 	 0.846606 	 0.846504 	 0.846709 
2.448000 	 0.865584 	 0.847005 	 0.846900 	 0.847110 
2.460000 	 0.865460 	 0.847050 	 0.846944 	 0.847152 
2.472000 	 0.865352 	 0.847033 	 0.846927 	 0.847134 
2.484000 	 0.865697 	 0.847142 	 0.847036 	 0.847243 
2.496000 	 0.865677 	 0.847086 	 0.846982 	 0.847188 
2.508000 	 0.865335 	 0.846911 	 0.846808 	 0.847012 
2.520000 	 0.865405 	 0.846668 	 0.846566 	 0.846771 
2.532000 	 0.865316 	 0.846317 	 0.846217 	 0.846419 
2.544000 	 0.864891 	 0.846313 	 0.846215 	 0.846415 
2.556000 	 0.864667 	 0.846303 	 0.846203 	 0.846403 
2.568000 	 0.865593 	 0.846282 	 0.846183 	 0.846383 
2.580000 	 0.865462 	 0.846363 	 0.846263 	 0.846464 
2.592000 	 0.865190 	 0.846461 	 0.846361 	 0.846561 
2.604000 	 0.865923 	 0.846422 	 0.846323 	 0.846522 
2.616000 	 0.865150 	 0.846368 	 0.846268 	 0.846468 
2.628000 	 0.864685 	 0.846316 	 0.846215 	 0.846415 
2.640000 	 0.864928 	 0.846459 	 0.846356 	 0.846557 
2.652000 	 0.864583 	 0.846541 	 0.846438 	 0.846639 
2.664000 	 0.864571 	 0.846551 	 0.846448 	 0.846649 
2.676000 	 0.864783 	 0.846345 	 0.846242 	 0.846444 
2.688000 	 0.865227 	 0.845998 	 0.845895 	 0.846097 
2.700000 	 0.864962 	 0.845705 	 0.845603 	 0.845804 
2.712000 	 0.864564 	 0.845583 	 0.845482 	 0.845684 
2.724000 	 0.864498 	 0.845729 	 0.845628 	 0.845832 
2.736000 	 0.864047 	 0.845811 	 0.845709 	 0.845914 
2.748000 	 0.864867 	 0.845707 	 0.845604 	 0.845807 
2.760000 	 0.864154 	 0.845820 	 0.845717 	 0.845918 
2.772000 	 0.863906 	 0.846029 	 0.845925 	 0.846128 
2.784000 	 0.863825 	 0.846230 	 0.846125 	 0.846329 
2.796000 	 0.864149 	 0.846064 	 0.845959 	 0.846163 
2.808000 	 0.863632 	 0.845857 	 0.845752 	 0.845958 
2.820000 	 0.864006 	 0.845899 	 0.845793 	 0.846000 
2.832000 	 0.864094 	 0.845669 	 0.845564 	 0.845773 
2.844000 	 0.864008 	 0.845638 	 0.845533 	 0.845744 
2.856000 	 0.864438 	 0.845604 	 0.845499 	 0.845712 
2.868000 	 0.864466 	 0.845378 	 0.845273 	 0.845487 
2.880000 	 0.863311 	 0.845271 	 0.845164 	 0.845382 
2.892000 	 0.863595 	 0.845239 	 0.845133 	 0.845352 
2.904000 	 0.864115 	 0.845015 	 0.844906 	 0.845129 
2.916000 	 0.863047 	 0.845021 	 0.844912 	 0.845133 
2.928000 	 0.863800 	 0.845216 	 0.845107 	 0.845327 
2.940000 	 0.864171 	 0.845512 	 0.845401 	 0.845619 
2.952000 	 0.863594 	 0.845732 	 0.845620 	 0.845837 
2.964000 	 0.863745 	 0.845720 	 0.845607 	 0.845823 
2.976000 	 0.863510 	 0.845617 	 0.845504 	 0.845722 
2.988000 	 0.863735 	 0.845364 	 0.845251 	 0.845472 
3.000000 	 0.862645 	 0.845148 	 0.845035 	 0.845258 
3.012000 	 0.863589 	 0.845007 	 0.844893 	 0.845117 
3.024000 	 0.863308 	 0.844928 	 0.844813 	 0.845039 
3.036000 	 0.863577 	 0.844855 	 0.844739 	 0.844966 
3.048000 	 0.863538 	 0.844602 	 0.844486 	 0.844716 
3.060000 	 0.863841 	 0.844638 	 0.844522 	 0.844753 
3.072000 	 0.863628 	 0.844701 	 0.844584 	 0.844814 
3.084000 	 0.863715 	 0.844968 	 0.844851 	 0.845080 
3.096000 	 0.863047 	 0.844903 	 0.844784 	 0.845014 
3.108000 	 0.862882 	 0.844812 	 0.844693 	 0.844923 
3.120000 	 0.863325 	 0.844803 	 0.844683 	 0.844915 
3.132000 	 0.863027 	 0.844954 	 0.844833 	 0.845065 
3.144000 	 0.863073 	 0.845061 	 0.844941 	 0.845172 
3.156000 	 0.862897 	 0.845007 	 0.844889 	 0.845118 
3.168000 	 0.864028 	 0.844947 	 0.844830 	 0.845059 
3.180000 	 0.862917 	 0.844933 	 0.844812 	 0.845044 
3.192000 	 0.862704 	 0.844692 	 0.844571 	 0.844804 
3.204000 	 0.862970 	 0.844316 	 0.844193 	 0.844433 
3.216000 	 0.862939 	 0.844158 	 0.844034 	 0.844275 
3.228000 	 0.863112 	 0.843995 	 0.843870 	 0.844113 
3.240000 	 0.863456 	 0.843898 	 0.843774 	 0.844019 
3.252000 	 0.862706 	 0.844202 	 0.844078 	 0.844318 
3.264000 	 0.862741 	 0.844403 	 0.844281 	 0.844518 
3.276000 	 0.862460 	 0.844449 	 0.844325 	 0.844562 
3.288000 	 0.862722 	 0.844374 	 0.844249 	 0.844486 
3.300000 	 0.863459 	 0.844537 	 0.844413 	 0.844648 
3.312000 	 0.862907 	 0.844437 	 0.844311 	 0.844548 
3.324000 	 0.862973 	 0.844453 	 0.844327 	 0.844565 
3.336000 	 0.863387 	 0.844427 	 0.844299 	 0.844540 
3.348000 	 0.862159 	 0.844370 	 0.844243 	 0.844482 
3.360000 	 0.862757 	 0.844287 	 0.844160 	 0.844401 
3.372000 	 0.862660 	 0.844062 	 0.843933 	 0.844177 
3.384000 	 0.861829 	 0.843950 	 0.843822 	 0.844067 
3.396000 	 0.862764 	 0.843853 	 0.843723 	 0.843971 
3.408000 	 0.862475 	 0.843870 	 0.843741 	 0.843985 
3.420000 	 0.862381 	 0.843862 	 0.843734 	 0.843979 
3.432000 	 0.862502 	 0.843638 	 0.843508 	 0.843755 
3.444000 	 0.862572 	 0.843406 	 0.843275 	 0.843525 
3.456000 	 0.861848 	 0.843514 	 0.843383 	 0.843631 
3.468000 	 0.862334 	 0.843690 	 0.843558 	 0.843804 
3.480000 	 0.862142 	 0.843912 	 0.843781 	 0.844027 
3.492000 	 0.862066 	 0.844062 	 0.843931 	 0.844176 
3.504000 	 0.862596 	 0.844029 	 0.843899 	 0.844145 
3.516000 	 0.862441 	 0.844181 	 0.844050 	 0.844295 
3.528000 	 0.862116 	 0.844115 	 0.843986 	 0.844230 
3.540000 	 0.861991 	 0.843873 	 0.843742 	 0.843990 
3.552000 	 0.863077 	 0.843643 	 0.843509 	 0.843761 
3.564000 	 0.861801 	 0.843363 	 0.843230 	 0.843483 
3.576000 	 0.861090 	 0.843346 	 0.843212 	 0.843464 
3.588000 	 0.862304 	 0.843333 	 0.843201 	 0.843451 
3.600000 	 0.862496 	 0.843325 	 0.843194 	 0.843444 
3.612000 	 0.862024 	 0.843291 	 0.843158 	 0.843409 
3.624000 	 0.861795 	 0.843318 	 0.843187 	 0.843435 
3.636000 	 0.861388 	 0.843108 	 0.842976 	 0.843227 
3.648000 	 0.861261 	 0.843040 	 0.842909 	 0.843158 
3.660000 	 0.861441 	 0.843215 	 0.843085 	 0.843333 
3.672000 	 0.861383 	 0.843351 	 0.843223 	 0.843467 
3.684000 	 0.861667 	 0.843235 	 0.843107 	 0.843352 
3.696000 	 0.861623 	 0.843362 	 0.843235 	 0.843476 
3.708000 	 0.861313 	 0.843456 	 0.843331 	 0.843570 
3.720000 	 0.861398 	 0.843433 	 0.843309 	 0.843546 
3.732000 	 0.861152 	 0.843421 	 0.843299 	 0.843535 
3.744000 	 0.861231 	 0.843423 	 0.843301 	 0.843536 
3.756000 	 0.861645 	 0.843412 	 0.843292 	 0.843526 
3.768000 	 0.861941 	 0.843308 	 0.843187 	 0.843421 
3.780000 	 0.861235 	 0.842996 	 0.842874 	 0.843110 
3.792000 	 0.861229 	 0.842715 	 0.842590 	 0.842832 
3.804000 	 0.861212 	 0.842366 	 0.842235 	 0.842480 
3.816000 	 0.861106 	 0.842371 	 0.842242 	 0.842485 
3.828000 	 0.861032 	 0.842518 	 0.842392 	 0.842631 
3.840000 	 0.861106 	 0.842621 	 0.842498 	 0.842734 
3.852000 	 0.860976 	 0.842732 	 0.842612 	 0.842845 
3.864000 	 0.860993 	 0.842773 	 0.842656 	 0.842886 
3.876000 	 0.861148 	 0.842836 	 0.842719 	 0.842948 
3.888000 	 0.861738 	 0.843011 	 0.842898 	 0.843122 
3.900000 	 0.860410 	 0.842993 	 0.842880 	 0.843104 
3.912000 	 0.861089 	 0.842878 	 0.842764 	 0.842989 
3.924000 	 0.860553 	 0.842746 	 0.842629 	 0.842857 
3.936000 	 0.860981 	 0.842757 	 0.842642 	 0.842867 
3.948000 	 0.860275 	 0.842802 	 0.842687 	 0.842911 
3.960000 	 0.861052 	 0.842891 	 0.842780 	 0.843002 
3.972000 	 0.861278 	 0.842740 	 0.842625 	 0.842851 
3.984000 	 0.860563 	 0.842571 	 0.842456 	 0.842682 
3.996000 	 0.860475 	 0.842428 	 0.842313 	 0.842538 
4.008000 	 0.860540 	 0.842217 	 0.842102 	 0.842327 
4.020000 	 0.860238 	 0.842058 	 0.841944 	 0.842169 
4.032000 	 0.860412 	 0.842002 	 0.841887 	 0.842113 
4.044000 	 0.860118 	 0.841968 	 0.841854 	 0.842079 
4.056000 	 0.859921 	 0.842025 	 0.841909 	 0.842137 
4.068000 	 0.860491 	 0.842055 	 0.841941 	 0.842167 
4.080000 	 0.860821 	 0.841949 	 0.841835 	 0.842061 
4.092000 	 0.861006 	 0.842071 	 0.841961 	 0.842185 
4.104000 	 0.860144 	 0.842312 	 0.842203 	 0.842427 
4.116000 	 0.860445 	 0.842556 	 0.842448 	 0.842670 
4.128000 	 0.860697 	 0.842588 	 0.842478 	 0.842702 
4.140000 	 0.859931 	 0.842588 	 0.842473 	 0.842701 
4.152000 	 0.860645 	 0.842685 	 0.842568 	 0.842798 
4.164000 	 0.859878 	 0.842394 	 0.842279 	 0.842507 
4.176000 	 0.859704 	 0.842057 	 0.841944 	 0.842168 
4.188000 	 0.860135 	 0.841816 	 0.841701 	 0.841928 
4.200000 	 0.860408 	 0.841741 	 0.841626 	 0.841854 
4.212000 	 0.860331 	 0.841735 	 0.841621 	 0.841850 
4.224000 	 0.860731 	 0.841727 	 0.841612 	 0.841845 
4.236000 	 0.860860 	 0.841750 	 0.841630 	 0.841866 
4.248000 	 0.860038 	 0.841639 	 0.841517 	 0.841756 
4.260000 	 0.860519 	 0.841616 	 0.841493 	 0.841733 
4.272000 	 0.860122 	 0.841526 	 0.841401 	 0.841644 
4.284000 	 0.859890 	 0.841609 	 0.841478 	 0.841727 
4.296000 	 0.860644 	 0.841631 	 0.841496 	 0.841748 
4.308000 	 0.859368 	 0.841554 	 0.841416 	 0.841675 
4.320000 	 0.859945 	 0.841444 	 0.841303 	 0.841568 
4.332000 	 0.859941 	 0.841654 	 0.841508 	 0.841779 
4.344000 	 0.859644 	 0.841792 	 0.841640 	 0.841921 
4.356000 	 0.860276 	 0.841988 	 0.841831 	 0.842120 
4.368000 	 0.860303 	 0.842097 	 0.841935 	 0.842232 
4.380000 	 0.860394 	 0.841885 	 0.841723 	 0.842025 
4.392000 	 0.859413 	 0.841790 	 0.841623 	 0.841933 
4.404000 	 0.859165 	 0.841679 	 0.841508 	 0.841824 
4.416000 	 0.859013 	 0.841543 	 0.841368 	 0.841694 
4.428000 	 0.859606 	 0.841462 	 0.841286 	 0.841617 
4.440000 	 0.860326 	 0.841245 	 0.841066 	 0.841405 
4.452000 	 0.859683 	 0.841120 	 0.840940 	 0.841284 
4.464000 	 0.860042 	 0.840950 	 0.840767 	 0.841117 
4.476000 	 0.859937 	 0.840881 	 0.840696 	 0.841053 
4.488000 	 0.859818 	 0.840761 	 0.840573 	 0.840941 
4.500000 	 0.860091 	 0.840799 	 0.840606 	 0.840987 
4.512000 	 0.859847 	 0.840911 	 0.840710 	 0.841108 
4.524000 	 0.859441 	 0.841238 	 0.841030 	 0.841444 
4.536000 	 0.859469 	 0.841309 	 0.841095 	 0.841522 
4.548000 	 0.859421 	 0.841370 	 0.841151 	 0.841591 
4.560000 	 0.858963 	 0.841331 	 0.841110 	 0.841558 
4.572000 	 0.859416 	 0.841202 	 0.840980 	 0.841439 
4.584000 	 0.858866 	 0.841170 	 0.840944 	 0.841411 
4.596000 	 0.859164 	 0.841124 	 0.840892 	 0.841372 
4.608000 	 0.859544 	 0.841054 	 0.840817 	 0.841308 
4.620000 	 0.859335 	 0.840992 	 0.840750 	 0.841253 
4.632000 	 0.859164 	 0.841177 	 0.840928 	 0.841447 
4.644000 	 0.858739 	 0.841277 	 0.841024 	 0.841561 
4.656000 	 0.858629 	 0.841091 	 0.840837 	 0.841380 
4.668000 	 0.859356 	 0.840863 	 0.840605 	 0.841157 
4.680000 	 0.858567 	 0.840669 	 0.840405 	 0.840967 
4.692000 	 0.858826 	 0.840671 	 0.840401 	 0.840980 
4.704000 	 0.858945 	 0.840544 	 0.840272 	 0.840860 
