0.000000 	 0.000000 	 0.000000 	 0.000000 
0.040134 	 0.000000 	 0.000000 	 0.000000 
0.080268 	 0.000000 	 0.000000 	 0.000000 
0.120401 	 0.000000 	 0.000000 	 0.000000 
0.160535 	 0.000000 	 0.000000 	 0.000000 
0.200669 	 0.000000 	 0.000000 	 0.000000 
0.240803 	 0.000000 	 0.000000 	 0.000000 
0.280936 	 0.000000 	 0.000000 	 0.000000 
0.321070 	 0.000000 	 0.000000 	 0.000000 
0.361204 	 0.000000 	 0.000000 	 0.000000 
0.401338 	 0.000000 	 0.000000 	 0.000000 
0.441472 	 0.000000 	 0.000000 	 0.000000 
0.481605 	 0.000000 	 0.000000 	 0.000000 
0.521739 	 0.000000 	 0.000000 	 0.000013 
0.561873 	 0.000000 	 0.000000 	 0.000167 
0.602007 	 0.000000 	 0.000000 	 0.000583 
0.642140 	 0.000033 	 0.000000 	 0.001382 
0.682274 	 0.000284 	 0.000000 	 0.002655 
0.722408 	 0.000915 	 0.000000 	 0.004500 
0.762542 	 0.002070 	 0.000001 	 0.007058 
0.802676 	 0.003933 	 0.000249 	 0.010351 
0.842809 	 0.006564 	 0.000987 	 0.014454 
0.882943 	 0.010069 	 0.002472 	 0.019389 
0.923077 	 0.014652 	 0.004923 	 0.025304 
0.963211 	 0.020243 	 0.008496 	 0.032043 
1.003344 	 0.026942 	 0.013391 	 0.040037 
1.043478 	 0.034916 	 0.019392 	 0.049208 
1.083612 	 0.044185 	 0.027125 	 0.059000 
1.123746 	 0.054588 	 0.036277 	 0.070025 
1.163880 	 0.066289 	 0.046605 	 0.081999 
1.204013 	 0.079274 	 0.058810 	 0.094586 
1.244147 	 0.093208 	 0.072397 	 0.108551 
1.284281 	 0.108483 	 0.087610 	 0.123395 
1.324415 	 0.124725 	 0.104249 	 0.138984 
1.364548 	 0.141719 	 0.121935 	 0.155489 
1.404682 	 0.159852 	 0.141237 	 0.172785 
1.444816 	 0.178490 	 0.161097 	 0.190897 
1.484950 	 0.198011 	 0.181949 	 0.209856 
1.525084 	 0.218233 	 0.203307 	 0.228768 
1.565217 	 0.238479 	 0.224784 	 0.248652 
1.605351 	 0.259023 	 0.245414 	 0.269026 
1.645485 	 0.279357 	 0.266613 	 0.289412 
1.685619 	 0.299722 	 0.287386 	 0.310534 
1.725753 	 0.319934 	 0.307299 	 0.331803 
1.765886 	 0.339511 	 0.326524 	 0.352872 
1.806020 	 0.358548 	 0.344873 	 0.373297 
1.846154 	 0.376997 	 0.362975 	 0.392316 
1.886288 	 0.394686 	 0.379606 	 0.410364 
1.926421 	 0.411290 	 0.395103 	 0.427502 
1.966555 	 0.426790 	 0.409922 	 0.443547 
2.006689 	 0.441123 	 0.423258 	 0.457961 
2.046823 	 0.454487 	 0.435919 	 0.471071 
2.086957 	 0.466276 	 0.447447 	 0.482553 
2.127090 	 0.476691 	 0.457724 	 0.493408 
2.167224 	 0.485748 	 0.466474 	 0.502286 
2.207358 	 0.493233 	 0.474155 	 0.509123 
2.247492 	 0.499203 	 0.480066 	 0.514950 
2.287625 	 0.503950 	 0.484598 	 0.519401 
2.327759 	 0.507311 	 0.488243 	 0.522547 
2.367893 	 0.509395 	 0.490327 	 0.523376 
2.408027 	 0.510038 	 0.490904 	 0.522908 
2.448161 	 0.509379 	 0.490510 	 0.521556 
2.488294 	 0.507389 	 0.488796 	 0.519427 
2.528428 	 0.504309 	 0.485547 	 0.515838 
2.568562 	 0.499881 	 0.481380 	 0.511084 
2.608696 	 0.494595 	 0.475761 	 0.505546 
2.648829 	 0.488079 	 0.469622 	 0.499009 
2.688963 	 0.480504 	 0.462625 	 0.491403 
2.729097 	 0.471983 	 0.454957 	 0.483033 
2.769231 	 0.462741 	 0.446043 	 0.473501 
2.809365 	 0.452553 	 0.436037 	 0.463320 
2.849498 	 0.441529 	 0.425446 	 0.452315 
2.889632 	 0.430021 	 0.413780 	 0.440836 
2.929766 	 0.417874 	 0.401996 	 0.428059 
2.969900 	 0.405142 	 0.389820 	 0.415209 
3.010033 	 0.391839 	 0.377082 	 0.401829 
3.050167 	 0.378248 	 0.363651 	 0.388130 
3.090301 	 0.364066 	 0.350029 	 0.373763 
3.130435 	 0.349740 	 0.336016 	 0.359261 
3.170569 	 0.335137 	 0.321987 	 0.344639 
3.210702 	 0.320423 	 0.307737 	 0.329898 
3.250836 	 0.305584 	 0.293147 	 0.315074 
3.290970 	 0.290614 	 0.278829 	 0.300270 
3.331104 	 0.275461 	 0.264224 	 0.285185 
3.371237 	 0.260396 	 0.249680 	 0.270102 
3.411371 	 0.245439 	 0.235512 	 0.255164 
3.451505 	 0.230723 	 0.221424 	 0.240231 
3.491639 	 0.216113 	 0.207125 	 0.225422 
3.531773 	 0.201724 	 0.193075 	 0.210762 
3.571906 	 0.187763 	 0.179317 	 0.196431 
3.612040 	 0.174300 	 0.165878 	 0.182030 
3.652174 	 0.161264 	 0.153092 	 0.168618 
3.692308 	 0.148517 	 0.140623 	 0.155495 
3.732441 	 0.136491 	 0.129250 	 0.142922 
3.772575 	 0.125142 	 0.118071 	 0.131222 
3.812709 	 0.114571 	 0.107527 	 0.120742 
3.852843 	 0.104839 	 0.097444 	 0.111061 
3.892977 	 0.096043 	 0.088367 	 0.102127 
3.933110 	 0.088117 	 0.080295 	 0.093979 
3.973244 	 0.081023 	 0.073402 	 0.087089 
4.013378 	 0.075010 	 0.067729 	 0.080830 
4.053512 	 0.069878 	 0.062909 	 0.075492 
4.093645 	 0.065540 	 0.058681 	 0.071204 
4.133779 	 0.061968 	 0.055065 	 0.067662 
4.173913 	 0.059097 	 0.052570 	 0.064740 
4.214047 	 0.056822 	 0.050095 	 0.062767 
4.254181 	 0.054874 	 0.048144 	 0.061378 
4.294314 	 0.053333 	 0.045947 	 0.060477 
4.334448 	 0.052100 	 0.044238 	 0.059914 
4.374582 	 0.050969 	 0.042543 	 0.059876 
4.414716 	 0.049984 	 0.041015 	 0.059715 
4.454849 	 0.048826 	 0.039264 	 0.059483 
4.494983 	 0.047824 	 0.037960 	 0.058685 
4.535117 	 0.046684 	 0.036363 	 0.058194 
4.575251 	 0.045545 	 0.035496 	 0.057212 
4.615385 	 0.044335 	 0.034112 	 0.055940 
4.655518 	 0.042917 	 0.033205 	 0.054748 
4.695652 	 0.041509 	 0.032515 	 0.052905 
4.735786 	 0.040119 	 0.031449 	 0.051345 
4.775920 	 0.038769 	 0.031116 	 0.049890 
4.816054 	 0.037498 	 0.030473 	 0.048183 
4.856187 	 0.036343 	 0.029784 	 0.046062 
4.896321 	 0.035203 	 0.028805 	 0.043976 
4.936455 	 0.034153 	 0.027842 	 0.042709 
4.976589 	 0.033163 	 0.026057 	 0.042182 
5.016722 	 0.032357 	 0.024386 	 0.042498 
5.056856 	 0.031428 	 0.022557 	 0.043720 
5.096990 	 0.030726 	 0.021214 	 0.044528 
5.137124 	 0.030119 	 0.020020 	 0.044968 
5.177258 	 0.029707 	 0.019152 	 0.045524 
5.217391 	 0.029311 	 0.018298 	 0.045627 
5.257525 	 0.029038 	 0.017652 	 0.045638 
5.297659 	 0.028850 	 0.016993 	 0.044870 
5.337793 	 0.028740 	 0.016561 	 0.043620 
5.377926 	 0.028670 	 0.016249 	 0.042387 
5.418060 	 0.028609 	 0.016426 	 0.040763 
5.458194 	 0.028739 	 0.016475 	 0.039216 
5.498328 	 0.028752 	 0.016483 	 0.037128 
5.538462 	 0.028523 	 0.016658 	 0.035831 
5.578595 	 0.027884 	 0.016842 	 0.034592 
5.618729 	 0.027232 	 0.016706 	 0.033522 
5.658863 	 0.026714 	 0.016913 	 0.032530 
5.698997 	 0.026159 	 0.015909 	 0.031739 
5.739130 	 0.025561 	 0.013298 	 0.031299 
5.779264 	 0.024995 	 0.010779 	 0.030690 
5.819398 	 0.024265 	 0.008300 	 0.030283 
5.859532 	 0.023569 	 0.006121 	 0.030528 
5.899666 	 0.022950 	 0.004237 	 0.030298 
5.939799 	 0.022317 	 0.002697 	 0.030394 
5.979933 	 0.021515 	 0.001487 	 0.030514 
6.020067 	 0.020488 	 0.000696 	 0.029679 
6.060201 	 0.019453 	 0.000244 	 0.029488 
6.100334 	 0.018422 	 0.000041 	 0.029492 
6.140468 	 0.017252 	 0.000000 	 0.029513 
6.180602 	 0.016017 	 0.000000 	 0.029533 
6.220736 	 0.014743 	 0.000000 	 0.029444 
6.260870 	 0.013597 	 0.000000 	 0.029043 
6.301003 	 0.012286 	 0.000000 	 0.028845 
6.341137 	 0.011001 	 0.000000 	 0.028802 
6.381271 	 0.009716 	 0.000000 	 0.028706 
6.421405 	 0.008517 	 0.000000 	 0.028208 
6.461538 	 0.007451 	 0.000000 	 0.027955 
6.501672 	 0.006435 	 0.000000 	 0.027745 
6.541806 	 0.005448 	 0.000000 	 0.027690 
6.581940 	 0.004477 	 0.000000 	 0.027411 
6.622074 	 0.003600 	 0.000000 	 0.027181 
6.662207 	 0.002894 	 0.000000 	 0.026850 
6.702341 	 0.002250 	 0.000000 	 0.026464 
6.742475 	 0.001644 	 0.000000 	 0.025666 
6.782609 	 0.001180 	 0.000000 	 0.025123 
6.822742 	 0.000790 	 0.000000 	 0.024716 
6.862876 	 0.000503 	 0.000000 	 0.024277 
6.903010 	 0.000278 	 0.000000 	 0.023963 
6.943144 	 0.000131 	 0.000000 	 0.022943 
6.983278 	 0.000051 	 0.000000 	 0.022226 
7.023411 	 0.000011 	 0.000000 	 0.021106 
7.063545 	 0.000000 	 0.000000 	 0.019854 
7.103679 	 0.000000 	 0.000000 	 0.018615 
7.143813 	 0.000000 	 0.000000 	 0.017322 
7.183946 	 0.000000 	 0.000000 	 0.015926 
7.224080 	 0.000000 	 0.000000 	 0.014447 
7.264214 	 0.000000 	 0.000000 	 0.013056 
7.304348 	 0.000000 	 0.000000 	 0.011808 
7.344482 	 0.000000 	 0.000000 	 0.010581 
7.384615 	 0.000000 	 0.000000 	 0.009528 
7.424749 	 0.000000 	 0.000000 	 0.008490 
7.464883 	 0.000000 	 0.000000 	 0.007426 
7.505017 	 0.000000 	 0.000000 	 0.006362 
7.545151 	 0.000000 	 0.000000 	 0.005435 
7.585284 	 0.000000 	 0.000000 	 0.004671 
7.625418 	 0.000000 	 0.000000 	 0.003917 
7.665552 	 0.000000 	 0.000000 	 0.003209 
7.705686 	 0.000000 	 0.000000 	 0.002570 
7.745819 	 0.000000 	 0.000000 	 0.002003 
7.785953 	 0.000000 	 0.000000 	 0.001510 
7.826087 	 0.000000 	 0.000000 	 0.001269 
7.866221 	 0.000000 	 0.000000 	 0.000868 
7.906355 	 0.000000 	 0.000000 	 0.000553 
7.946488 	 0.000000 	 0.000000 	 0.000319 
7.986622 	 0.000000 	 0.000000 	 0.000158 
8.026756 	 0.000000 	 0.000000 	 0.000061 
8.066890 	 0.000000 	 0.000000 	 0.000013 
8.107023 	 0.000000 	 0.000000 	 0.000000 
8.147157 	 0.000000 	 0.000000 	 0.000000 
8.187291 	 0.000000 	 0.000000 	 0.000000 
8.227425 	 0.000000 	 0.000000 	 0.000000 
8.267559 	 0.000000 	 0.000000 	 0.000000 
8.307692 	 0.000000 	 0.000000 	 0.000000 
8.347826 	 0.000000 	 0.000000 	 0.000000 
8.387960 	 0.000000 	 0.000000 	 0.000000 
8.428094 	 0.000000 	 0.000000 	 0.000000 
8.468227 	 0.000000 	 0.000000 	 0.000000 
8.508361 	 0.000000 	 0.000000 	 0.000000 
8.548495 	 0.000000 	 0.000000 	 0.000000 
8.588629 	 0.000000 	 0.000000 	 0.000000 
8.628763 	 0.000000 	 0.000000 	 0.000000 
8.668896 	 0.000000 	 0.000000 	 0.000000 
8.709030 	 0.000000 	 0.000000 	 0.000000 
8.749164 	 0.000000 	 0.000000 	 0.000000 
8.789298 	 0.000000 	 0.000000 	 0.000000 
8.829431 	 0.000000 	 0.000000 	 0.000000 
8.869565 	 0.000000 	 0.000000 	 0.000000 
8.909699 	 0.000000 	 0.000000 	 0.000000 
8.949833 	 0.000000 	 0.000000 	 0.000000 
8.989967 	 0.000000 	 0.000000 	 0.000000 
9.030100 	 0.000000 	 0.000000 	 0.000000 
9.070234 	 0.000000 	 0.000000 	 0.000000 
9.110368 	 0.000000 	 0.000000 	 0.000000 
9.150502 	 0.000000 	 0.000000 	 0.000000 
9.190635 	 0.000000 	 0.000000 	 0.000000 
9.230769 	 0.000000 	 0.000000 	 0.000000 
9.270903 	 0.000000 	 0.000000 	 0.000000 
9.311037 	 0.000000 	 0.000000 	 0.000000 
9.351171 	 0.000000 	 0.000000 	 0.000000 
9.391304 	 0.000000 	 0.000000 	 0.000000 
9.431438 	 0.000000 	 0.000000 	 0.000000 
9.471572 	 0.000000 	 0.000000 	 0.000000 
9.511706 	 0.000000 	 0.000000 	 0.000000 
9.551839 	 0.000000 	 0.000000 	 0.000000 
9.591973 	 0.000000 	 0.000000 	 0.000000 
9.632107 	 0.000000 	 0.000000 	 0.000000 
9.672241 	 0.000000 	 0.000000 	 0.000000 
9.712375 	 0.000000 	 0.000000 	 0.000000 
9.752508 	 0.000000 	 0.000000 	 0.000000 
9.792642 	 0.000000 	 0.000000 	 0.000000 
9.832776 	 0.000000 	 0.000000 	 0.000000 
9.872910 	 0.000000 	 0.000000 	 0.000000 
9.913043 	 0.000000 	 0.000000 	 0.000000 
9.953177 	 0.000000 	 0.000000 	 0.000000 
9.993311 	 0.000000 	 0.000000 	 0.000000 
10.033445 	 0.000000 	 0.000000 	 0.000000 
10.073579 	 0.000000 	 0.000000 	 0.000000 
10.113712 	 0.000000 	 0.000000 	 0.000000 
10.153846 	 0.000000 	 0.000000 	 0.000000 
10.193980 	 0.000000 	 0.000000 	 0.000000 
10.234114 	 0.000000 	 0.000000 	 0.000000 
10.274247 	 0.000000 	 0.000000 	 0.000000 
10.314381 	 0.000000 	 0.000000 	 0.000000 
10.354515 	 0.000000 	 0.000000 	 0.000000 
10.394649 	 0.000000 	 0.000000 	 0.000000 
10.434783 	 0.000000 	 0.000000 	 0.000000 
10.474916 	 0.000000 	 0.000000 	 0.000000 
10.515050 	 0.000000 	 0.000000 	 0.000000 
10.555184 	 0.000000 	 0.000000 	 0.000000 
10.595318 	 0.000000 	 0.000000 	 0.000000 
10.635452 	 0.000000 	 0.000000 	 0.000000 
10.675585 	 0.000000 	 0.000000 	 0.000000 
10.715719 	 0.000000 	 0.000000 	 0.000000 
10.755853 	 0.000000 	 0.000000 	 0.000000 
10.795987 	 0.000000 	 0.000000 	 0.000000 
10.836120 	 0.000000 	 0.000000 	 0.000000 
10.876254 	 0.000000 	 0.000000 	 0.000000 
10.916388 	 0.000000 	 0.000000 	 0.000000 
10.956522 	 0.000000 	 0.000000 	 0.000000 
10.996656 	 0.000000 	 0.000000 	 0.000000 
11.036789 	 0.000000 	 0.000000 	 0.000000 
11.076923 	 0.000000 	 0.000000 	 0.000000 
11.117057 	 0.000000 	 0.000000 	 0.000000 
11.157191 	 0.000000 	 0.000000 	 0.000000 
11.197324 	 0.000000 	 0.000000 	 0.000000 
11.237458 	 0.000000 	 0.000000 	 0.000000 
11.277592 	 0.000000 	 0.000000 	 0.000000 
11.317726 	 0.000000 	 0.000000 	 0.000000 
11.357860 	 0.000000 	 0.000000 	 0.000000 
11.397993 	 0.000000 	 0.000000 	 0.000000 
11.438127 	 0.000000 	 0.000000 	 0.000000 
11.478261 	 0.000000 	 0.000000 	 0.000000 
11.518395 	 0.000000 	 0.000000 	 0.000000 
11.558528 	 0.000000 	 0.000000 	 0.000000 
11.598662 	 0.000000 	 0.000000 	 0.000000 
11.638796 	 0.000000 	 0.000000 	 0.000000 
11.678930 	 0.000000 	 0.000000 	 0.000000 
11.719064 	 0.000000 	 0.000000 	 0.000000 
11.759197 	 0.000000 	 0.000000 	 0.000000 
11.799331 	 0.000000 	 0.000000 	 0.000000 
11.839465 	 0.000000 	 0.000000 	 0.000000 
11.879599 	 0.000000 	 0.000000 	 0.000000 
11.919732 	 0.000000 	 0.000000 	 0.000000 
11.959866 	 0.000000 	 0.000000 	 0.000000 
12.000000 	 0.000000 	 0.000000 	 0.000000 
