0.000000 	 0.000000 	 0.000000 	 0.063936 
0.040134 	 0.000000 	 0.000000 	 0.058278 
0.080268 	 0.000000 	 0.000000 	 0.052667 
0.120401 	 0.000000 	 0.000000 	 0.044839 
0.160535 	 0.000000 	 0.000000 	 0.040114 
0.200669 	 0.000000 	 0.000000 	 0.035689 
0.240803 	 0.000000 	 0.000000 	 0.032532 
0.280936 	 0.000000 	 0.000000 	 0.028192 
0.321070 	 0.000000 	 0.000000 	 0.025291 
0.361204 	 0.000000 	 0.000000 	 0.021544 
0.401338 	 0.000017 	 0.000000 	 0.018792 
0.441472 	 0.000148 	 0.000000 	 0.016785 
0.481605 	 0.000469 	 0.000000 	 0.015498 
0.521739 	 0.001097 	 0.000000 	 0.014504 
0.561873 	 0.002109 	 0.000000 	 0.013875 
0.602007 	 0.003542 	 0.000066 	 0.013612 
0.642140 	 0.005475 	 0.000360 	 0.016426 
0.682274 	 0.007902 	 0.000991 	 0.020082 
0.722408 	 0.010915 	 0.002008 	 0.023880 
0.762542 	 0.014637 	 0.003622 	 0.028698 
0.802676 	 0.019111 	 0.005935 	 0.033809 
0.842809 	 0.024274 	 0.008501 	 0.039800 
0.882943 	 0.030153 	 0.012813 	 0.045830 
0.923077 	 0.036922 	 0.017721 	 0.052309 
0.963211 	 0.044367 	 0.023945 	 0.060101 
1.003344 	 0.052693 	 0.031329 	 0.068810 
1.043478 	 0.061736 	 0.040209 	 0.077266 
1.083612 	 0.071551 	 0.048881 	 0.086688 
1.123746 	 0.082135 	 0.059121 	 0.097116 
1.163880 	 0.093715 	 0.069848 	 0.108086 
1.204013 	 0.105984 	 0.081685 	 0.120003 
1.244147 	 0.118874 	 0.094721 	 0.132737 
1.284281 	 0.132361 	 0.107444 	 0.145723 
1.324415 	 0.146282 	 0.120992 	 0.159382 
1.364548 	 0.160671 	 0.135280 	 0.173924 
1.404682 	 0.175507 	 0.150554 	 0.188829 
1.444816 	 0.190487 	 0.165379 	 0.204470 
1.484950 	 0.205757 	 0.181289 	 0.219886 
1.525084 	 0.221036 	 0.197485 	 0.236028 
1.565217 	 0.236408 	 0.213408 	 0.252128 
1.605351 	 0.251738 	 0.228357 	 0.267851 
1.645485 	 0.266610 	 0.243019 	 0.284343 
1.685619 	 0.281189 	 0.257246 	 0.299551 
1.725753 	 0.295284 	 0.271946 	 0.314848 
1.765886 	 0.308995 	 0.285543 	 0.329022 
1.806020 	 0.322015 	 0.297893 	 0.343087 
1.846154 	 0.334441 	 0.309571 	 0.356545 
1.886288 	 0.345969 	 0.320558 	 0.368405 
1.926421 	 0.356946 	 0.331015 	 0.379584 
1.966555 	 0.366836 	 0.340503 	 0.390103 
2.006689 	 0.375409 	 0.348940 	 0.398637 
2.046823 	 0.383648 	 0.356554 	 0.406927 
2.086957 	 0.390841 	 0.364297 	 0.413546 
2.127090 	 0.396854 	 0.370126 	 0.418880 
2.167224 	 0.401915 	 0.374934 	 0.423760 
2.207358 	 0.406192 	 0.377984 	 0.427439 
2.247492 	 0.409608 	 0.380411 	 0.429068 
2.287625 	 0.411921 	 0.381998 	 0.430458 
2.327759 	 0.413778 	 0.383025 	 0.431245 
2.367893 	 0.415131 	 0.384107 	 0.431423 
2.408027 	 0.415322 	 0.384794 	 0.431294 
2.448161 	 0.415146 	 0.383903 	 0.431295 
2.488294 	 0.413850 	 0.382568 	 0.430919 
2.528428 	 0.412194 	 0.380246 	 0.430457 
2.568562 	 0.410518 	 0.377987 	 0.429404 
2.608696 	 0.408057 	 0.376431 	 0.427721 
2.648829 	 0.405830 	 0.374309 	 0.425611 
2.688963 	 0.403432 	 0.372005 	 0.423141 
2.729097 	 0.400885 	 0.369730 	 0.420030 
2.769231 	 0.398183 	 0.366821 	 0.417328 
2.809365 	 0.395664 	 0.363921 	 0.413893 
2.849498 	 0.393146 	 0.360865 	 0.410675 
2.889632 	 0.390646 	 0.358273 	 0.407576 
2.929766 	 0.387960 	 0.356001 	 0.403625 
2.969900 	 0.385094 	 0.354198 	 0.400139 
3.010033 	 0.381807 	 0.351295 	 0.395908 
3.050167 	 0.378173 	 0.347904 	 0.392379 
3.090301 	 0.373918 	 0.345216 	 0.388406 
3.130435 	 0.368665 	 0.342299 	 0.384948 
3.170569 	 0.362984 	 0.338283 	 0.379467 
3.210702 	 0.357105 	 0.332835 	 0.374378 
3.250836 	 0.349699 	 0.325697 	 0.369255 
3.290970 	 0.341714 	 0.318003 	 0.361319 
3.331104 	 0.332757 	 0.310147 	 0.353352 
3.371237 	 0.322602 	 0.300599 	 0.344400 
3.411371 	 0.311280 	 0.289520 	 0.333295 
3.451505 	 0.299031 	 0.278180 	 0.320316 
3.491639 	 0.285666 	 0.265907 	 0.305110 
3.531773 	 0.271661 	 0.252746 	 0.289465 
3.571906 	 0.256762 	 0.239344 	 0.273104 
3.612040 	 0.241186 	 0.224946 	 0.255559 
3.652174 	 0.225426 	 0.209660 	 0.238083 
3.692308 	 0.209752 	 0.192923 	 0.221482 
3.732441 	 0.194296 	 0.176745 	 0.205841 
3.772575 	 0.179589 	 0.161893 	 0.190904 
3.812709 	 0.165535 	 0.147637 	 0.177189 
3.852843 	 0.152165 	 0.135529 	 0.164902 
3.892977 	 0.139802 	 0.123644 	 0.153490 
3.933110 	 0.128314 	 0.113484 	 0.142362 
3.973244 	 0.117978 	 0.104708 	 0.131977 
4.013378 	 0.108492 	 0.095996 	 0.121371 
4.053512 	 0.100070 	 0.088715 	 0.111483 
4.093645 	 0.092491 	 0.081820 	 0.103207 
4.133779 	 0.085973 	 0.075218 	 0.096023 
4.173913 	 0.080313 	 0.069644 	 0.089693 
4.214047 	 0.075275 	 0.064734 	 0.083887 
4.254181 	 0.070848 	 0.060929 	 0.079043 
4.294314 	 0.066860 	 0.057521 	 0.074732 
4.334448 	 0.063220 	 0.054635 	 0.071307 
4.374582 	 0.059997 	 0.051999 	 0.068173 
4.414716 	 0.056892 	 0.049232 	 0.066290 
4.454849 	 0.054370 	 0.046596 	 0.064116 
4.494983 	 0.051873 	 0.043883 	 0.061844 
4.535117 	 0.049558 	 0.040990 	 0.059605 
4.575251 	 0.047460 	 0.038330 	 0.057113 
4.615385 	 0.045647 	 0.035164 	 0.055537 
4.655518 	 0.043742 	 0.032296 	 0.054202 
4.695652 	 0.041957 	 0.028901 	 0.053381 
4.735786 	 0.040361 	 0.025373 	 0.052877 
4.775920 	 0.038664 	 0.021826 	 0.052167 
4.816054 	 0.037174 	 0.018026 	 0.051764 
4.856187 	 0.035534 	 0.016043 	 0.051819 
4.896321 	 0.034127 	 0.014498 	 0.051738 
4.936455 	 0.032954 	 0.014307 	 0.051205 
4.976589 	 0.032072 	 0.015217 	 0.051411 
5.016722 	 0.031005 	 0.016613 	 0.051015 
5.056856 	 0.031119 	 0.018719 	 0.050603 
5.096990 	 0.031549 	 0.020231 	 0.050214 
5.137124 	 0.031985 	 0.020194 	 0.049928 
5.177258 	 0.032086 	 0.020071 	 0.050185 
5.217391 	 0.032171 	 0.020225 	 0.050470 
5.257525 	 0.032132 	 0.020151 	 0.051131 
5.297659 	 0.031855 	 0.019635 	 0.050832 
5.337793 	 0.031390 	 0.019382 	 0.051957 
5.377926 	 0.030673 	 0.018190 	 0.053717 
5.418060 	 0.029667 	 0.017176 	 0.054798 
5.458194 	 0.028789 	 0.015510 	 0.053909 
5.498328 	 0.028003 	 0.013839 	 0.052803 
5.538462 	 0.027179 	 0.012454 	 0.049919 
5.578595 	 0.026467 	 0.010403 	 0.046814 
5.618729 	 0.025833 	 0.008674 	 0.044294 
5.658863 	 0.025096 	 0.006920 	 0.041924 
5.698997 	 0.024778 	 0.005524 	 0.039329 
5.739130 	 0.024251 	 0.004241 	 0.037142 
5.779264 	 0.023700 	 0.002653 	 0.035072 
5.819398 	 0.022439 	 0.001006 	 0.033113 
5.859532 	 0.020399 	 0.000077 	 0.031238 
5.899666 	 0.018250 	 0.000021 	 0.029549 
5.939799 	 0.016605 	 0.000000 	 0.028285 
5.979933 	 0.014930 	 0.000000 	 0.027341 
6.020067 	 0.013816 	 0.000000 	 0.026209 
6.060201 	 0.012467 	 0.000005 	 0.025239 
6.100334 	 0.011219 	 0.000000 	 0.024416 
6.140468 	 0.010064 	 0.000000 	 0.023623 
6.180602 	 0.009528 	 0.000000 	 0.022785 
6.220736 	 0.008925 	 0.000000 	 0.021940 
6.260870 	 0.008524 	 0.000000 	 0.021435 
6.301003 	 0.008199 	 0.000000 	 0.020787 
6.341137 	 0.008056 	 0.000000 	 0.020570 
6.381271 	 0.007995 	 0.000000 	 0.020194 
6.421405 	 0.008097 	 0.000000 	 0.020213 
6.461538 	 0.007752 	 0.000000 	 0.020803 
6.501672 	 0.007738 	 0.000000 	 0.021079 
6.541806 	 0.007831 	 0.000000 	 0.022022 
6.581940 	 0.007922 	 0.000000 	 0.022929 
6.622074 	 0.007772 	 0.000000 	 0.023837 
6.662207 	 0.007557 	 0.000000 	 0.025012 
6.702341 	 0.007126 	 0.000000 	 0.026242 
6.742475 	 0.006508 	 0.000000 	 0.027623 
6.782609 	 0.005881 	 0.000000 	 0.028814 
6.822742 	 0.005313 	 0.000000 	 0.029837 
6.862876 	 0.004575 	 0.000000 	 0.031543 
6.903010 	 0.003944 	 0.000000 	 0.032697 
6.943144 	 0.003299 	 0.000000 	 0.034113 
6.983278 	 0.002745 	 0.000000 	 0.035276 
7.023411 	 0.002313 	 0.000000 	 0.036358 
7.063545 	 0.001865 	 0.000000 	 0.037474 
7.103679 	 0.001469 	 0.000000 	 0.038161 
7.143813 	 0.001136 	 0.000000 	 0.039151 
7.183946 	 0.000890 	 0.000000 	 0.040128 
7.224080 	 0.000625 	 0.000000 	 0.041114 
7.264214 	 0.000427 	 0.000000 	 0.041646 
7.304348 	 0.000267 	 0.000000 	 0.042519 
7.344482 	 0.000154 	 0.000000 	 0.043117 
7.384615 	 0.000091 	 0.000000 	 0.044183 
7.424749 	 0.000041 	 0.000000 	 0.044833 
7.464883 	 0.000014 	 0.000000 	 0.045055 
7.505017 	 0.000002 	 0.000000 	 0.045649 
7.545151 	 0.000000 	 0.000000 	 0.045944 
7.585284 	 0.000000 	 0.000000 	 0.046550 
7.625418 	 0.000000 	 0.000000 	 0.047102 
7.665552 	 0.000000 	 0.000000 	 0.047504 
7.705686 	 0.000000 	 0.000000 	 0.047256 
7.745819 	 0.000000 	 0.000000 	 0.047238 
7.785953 	 0.000000 	 0.000000 	 0.046967 
7.826087 	 0.000000 	 0.000000 	 0.046891 
7.866221 	 0.000000 	 0.000000 	 0.046693 
7.906355 	 0.000000 	 0.000000 	 0.046247 
7.946488 	 0.000000 	 0.000000 	 0.046162 
7.986622 	 0.000000 	 0.000000 	 0.045406 
8.026756 	 0.000000 	 0.000000 	 0.044823 
8.066890 	 0.000000 	 0.000000 	 0.044313 
8.107023 	 0.000000 	 0.000000 	 0.043580 
8.147157 	 0.000000 	 0.000000 	 0.042415 
8.187291 	 0.000000 	 0.000000 	 0.041060 
8.227425 	 0.000000 	 0.000000 	 0.039599 
8.267559 	 0.000000 	 0.000000 	 0.037846 
8.307692 	 0.000000 	 0.000000 	 0.036282 
8.347826 	 0.000000 	 0.000000 	 0.034567 
8.387960 	 0.000000 	 0.000000 	 0.033291 
8.428094 	 0.000000 	 0.000000 	 0.031560 
8.468227 	 0.000000 	 0.000000 	 0.030334 
8.508361 	 0.000000 	 0.000000 	 0.029077 
8.548495 	 0.000000 	 0.000000 	 0.027610 
8.588629 	 0.000000 	 0.000000 	 0.025798 
8.628763 	 0.000000 	 0.000000 	 0.023879 
8.668896 	 0.000000 	 0.000000 	 0.022138 
8.709030 	 0.000000 	 0.000000 	 0.020439 
8.749164 	 0.000000 	 0.000000 	 0.018899 
8.789298 	 0.000000 	 0.000000 	 0.017236 
8.829431 	 0.000000 	 0.000000 	 0.015633 
8.869565 	 0.000000 	 0.000000 	 0.014064 
8.909699 	 0.000000 	 0.000000 	 0.012550 
8.949833 	 0.000000 	 0.000000 	 0.011099 
8.989967 	 0.000000 	 0.000000 	 0.009763 
9.030100 	 0.000000 	 0.000000 	 0.008553 
9.070234 	 0.000000 	 0.000000 	 0.007286 
9.110368 	 0.000000 	 0.000000 	 0.006032 
9.150502 	 0.000000 	 0.000000 	 0.004944 
9.190635 	 0.000000 	 0.000000 	 0.004152 
9.230769 	 0.000000 	 0.000000 	 0.003432 
9.270903 	 0.000000 	 0.000000 	 0.002866 
9.311037 	 0.000000 	 0.000000 	 0.002250 
9.351171 	 0.000000 	 0.000000 	 0.001723 
9.391304 	 0.000000 	 0.000000 	 0.001276 
9.431438 	 0.000000 	 0.000000 	 0.000926 
9.471572 	 0.000000 	 0.000000 	 0.000614 
9.511706 	 0.000000 	 0.000000 	 0.000386 
9.551839 	 0.000000 	 0.000000 	 0.000243 
9.591973 	 0.000000 	 0.000000 	 0.000133 
9.632107 	 0.000000 	 0.000000 	 0.000094 
9.672241 	 0.000000 	 0.000000 	 0.000036 
9.712375 	 0.000000 	 0.000000 	 0.000007 
9.752508 	 0.000000 	 0.000000 	 0.000000 
9.792642 	 0.000000 	 0.000000 	 0.000000 
9.832776 	 0.000000 	 0.000000 	 0.000000 
9.872910 	 0.000000 	 0.000000 	 0.000000 
9.913043 	 0.000000 	 0.000000 	 0.000000 
9.953177 	 0.000000 	 0.000000 	 0.000000 
9.993311 	 0.000000 	 0.000000 	 0.000000 
10.033445 	 0.000000 	 0.000000 	 0.000000 
10.073579 	 0.000000 	 0.000000 	 0.000000 
10.113712 	 0.000000 	 0.000000 	 0.000000 
10.153846 	 0.000000 	 0.000000 	 0.000000 
10.193980 	 0.000000 	 0.000000 	 0.000000 
10.234114 	 0.000000 	 0.000000 	 0.000000 
10.274247 	 0.000000 	 0.000000 	 0.000000 
10.314381 	 0.000000 	 0.000000 	 0.000000 
10.354515 	 0.000000 	 0.000000 	 0.000000 
10.394649 	 0.000000 	 0.000000 	 0.000000 
10.434783 	 0.000000 	 0.000000 	 0.000000 
10.474916 	 0.000000 	 0.000000 	 0.000000 
10.515050 	 0.000000 	 0.000000 	 0.000000 
10.555184 	 0.000000 	 0.000000 	 0.000000 
10.595318 	 0.000000 	 0.000000 	 0.000000 
10.635452 	 0.000000 	 0.000000 	 0.000000 
10.675585 	 0.000000 	 0.000000 	 0.000000 
10.715719 	 0.000000 	 0.000000 	 0.000000 
10.755853 	 0.000000 	 0.000000 	 0.000000 
10.795987 	 0.000000 	 0.000000 	 0.000000 
10.836120 	 0.000000 	 0.000000 	 0.000000 
10.876254 	 0.000000 	 0.000000 	 0.000000 
10.916388 	 0.000000 	 0.000000 	 0.000000 
10.956522 	 0.000000 	 0.000000 	 0.000000 
10.996656 	 0.000000 	 0.000000 	 0.000000 
11.036789 	 0.000000 	 0.000000 	 0.000000 
11.076923 	 0.000000 	 0.000000 	 0.000000 
11.117057 	 0.000000 	 0.000000 	 0.000000 
11.157191 	 0.000000 	 0.000000 	 0.000000 
11.197324 	 0.000000 	 0.000000 	 0.000000 
11.237458 	 0.000000 	 0.000000 	 0.000000 
11.277592 	 0.000000 	 0.000000 	 0.000000 
11.317726 	 0.000000 	 0.000000 	 0.000007 
11.357860 	 0.000000 	 0.000000 	 0.000035 
11.397993 	 0.000000 	 0.000000 	 0.000117 
11.438127 	 0.000000 	 0.000000 	 0.000268 
11.478261 	 0.000000 	 0.000000 	 0.000501 
11.518395 	 0.000000 	 0.000000 	 0.000823 
11.558528 	 0.000000 	 0.000000 	 0.001238 
11.598662 	 0.000000 	 0.000000 	 0.001743 
11.638796 	 0.000000 	 0.000000 	 0.002302 
11.678930 	 0.000000 	 0.000000 	 0.002902 
11.719064 	 0.000000 	 0.000000 	 0.003556 
11.759197 	 0.000000 	 0.000000 	 0.004258 
11.799331 	 0.000000 	 0.000000 	 0.005221 
11.839465 	 0.000000 	 0.000000 	 0.005918 
11.879599 	 0.000000 	 0.000000 	 0.006631 
11.919732 	 0.000000 	 0.000000 	 0.007357 
11.959866 	 0.000000 	 0.000000 	 0.008166 
12.000000 	 0.000000 	 0.000000 	 0.008977 
