0.000000 	 0.000000 	 0.000000 	 0.025014 
0.040134 	 0.000633 	 0.000000 	 0.024986 
0.080268 	 0.001269 	 0.000000 	 0.024989 
0.120401 	 0.001913 	 0.000000 	 0.025249 
0.160535 	 0.002571 	 0.000000 	 0.025512 
0.200669 	 0.003244 	 0.000000 	 0.025723 
0.240803 	 0.003929 	 0.000000 	 0.025653 
0.280936 	 0.004646 	 0.000004 	 0.026016 
0.321070 	 0.005380 	 0.000024 	 0.026061 
0.361204 	 0.006140 	 0.000067 	 0.026133 
0.401338 	 0.006917 	 0.000142 	 0.025887 
0.441472 	 0.007716 	 0.000256 	 0.026299 
0.481605 	 0.008549 	 0.000411 	 0.026705 
0.521739 	 0.009402 	 0.000627 	 0.027093 
0.561873 	 0.010342 	 0.000895 	 0.027570 
0.602007 	 0.011278 	 0.001233 	 0.028034 
0.642140 	 0.012256 	 0.001600 	 0.028435 
0.682274 	 0.013291 	 0.002028 	 0.029104 
0.722408 	 0.014335 	 0.002619 	 0.028838 
0.762542 	 0.015514 	 0.003308 	 0.029258 
0.802676 	 0.016715 	 0.004101 	 0.030262 
0.842809 	 0.017893 	 0.004975 	 0.031402 
0.882943 	 0.019114 	 0.005944 	 0.032421 
0.923077 	 0.020451 	 0.007019 	 0.033250 
0.963211 	 0.021844 	 0.008223 	 0.034434 
1.003344 	 0.023265 	 0.009475 	 0.035731 
1.043478 	 0.024686 	 0.010707 	 0.037304 
1.083612 	 0.026152 	 0.012099 	 0.038843 
1.123746 	 0.027689 	 0.013585 	 0.040386 
1.163880 	 0.029334 	 0.014827 	 0.042018 
1.204013 	 0.031031 	 0.016554 	 0.043913 
1.244147 	 0.032808 	 0.018305 	 0.045245 
1.284281 	 0.034567 	 0.020293 	 0.046931 
1.324415 	 0.036422 	 0.021990 	 0.048723 
1.364548 	 0.038405 	 0.024075 	 0.050568 
1.404682 	 0.040443 	 0.026331 	 0.052405 
1.444816 	 0.042555 	 0.028840 	 0.054457 
1.484950 	 0.044727 	 0.031082 	 0.056551 
1.525084 	 0.047047 	 0.033098 	 0.058754 
1.565217 	 0.049350 	 0.035013 	 0.061088 
1.605351 	 0.051631 	 0.037395 	 0.063266 
1.645485 	 0.054007 	 0.040189 	 0.065697 
1.685619 	 0.056419 	 0.042899 	 0.068027 
1.725753 	 0.058973 	 0.045526 	 0.070396 
1.765886 	 0.061620 	 0.047943 	 0.073377 
1.806020 	 0.064166 	 0.050639 	 0.075669 
1.846154 	 0.066833 	 0.053741 	 0.078137 
1.886288 	 0.069647 	 0.057004 	 0.081272 
1.926421 	 0.072466 	 0.059686 	 0.084135 
1.966555 	 0.075318 	 0.062295 	 0.087131 
2.006689 	 0.078275 	 0.065358 	 0.090317 
2.046823 	 0.081099 	 0.068414 	 0.093593 
2.086957 	 0.084007 	 0.071759 	 0.096414 
2.127090 	 0.087048 	 0.074944 	 0.099508 
2.167224 	 0.090076 	 0.078056 	 0.102988 
2.207358 	 0.093169 	 0.081335 	 0.106115 
2.247492 	 0.096301 	 0.084650 	 0.109161 
2.287625 	 0.099526 	 0.087609 	 0.112555 
2.327759 	 0.102704 	 0.090630 	 0.115923 
2.367893 	 0.105979 	 0.093688 	 0.119254 
2.408027 	 0.109238 	 0.096736 	 0.122505 
2.448161 	 0.112462 	 0.099727 	 0.125795 
2.488294 	 0.115842 	 0.103043 	 0.129111 
2.528428 	 0.119171 	 0.106380 	 0.132675 
2.568562 	 0.122509 	 0.109756 	 0.135938 
2.608696 	 0.125922 	 0.112850 	 0.139317 
2.648829 	 0.129248 	 0.116141 	 0.142781 
2.688963 	 0.132543 	 0.119398 	 0.145927 
2.729097 	 0.135915 	 0.122524 	 0.149245 
2.769231 	 0.139181 	 0.125635 	 0.152530 
2.809365 	 0.142590 	 0.128691 	 0.156094 
2.849498 	 0.146029 	 0.131519 	 0.159534 
2.889632 	 0.149206 	 0.134285 	 0.162939 
2.929766 	 0.152558 	 0.137531 	 0.166449 
2.969900 	 0.155706 	 0.140493 	 0.169718 
3.010033 	 0.158949 	 0.143555 	 0.173112 
3.050167 	 0.162155 	 0.146203 	 0.176294 
3.090301 	 0.165279 	 0.148898 	 0.179659 
3.130435 	 0.168395 	 0.151749 	 0.182997 
3.170569 	 0.171442 	 0.154823 	 0.186251 
3.210702 	 0.174459 	 0.157300 	 0.189708 
3.250836 	 0.177462 	 0.160097 	 0.192700 
3.290970 	 0.180467 	 0.163173 	 0.195559 
3.331104 	 0.183343 	 0.165850 	 0.198380 
3.371237 	 0.186218 	 0.168357 	 0.201053 
3.411371 	 0.189141 	 0.171136 	 0.203653 
3.451505 	 0.191970 	 0.173802 	 0.206498 
3.491639 	 0.194746 	 0.176824 	 0.209379 
3.531773 	 0.197469 	 0.179808 	 0.212100 
3.571906 	 0.200320 	 0.182595 	 0.214746 
3.612040 	 0.203115 	 0.185077 	 0.217558 
3.652174 	 0.205761 	 0.187683 	 0.220030 
3.692308 	 0.208322 	 0.190272 	 0.222647 
3.732441 	 0.210979 	 0.192959 	 0.225005 
3.772575 	 0.213649 	 0.195429 	 0.227349 
3.812709 	 0.216128 	 0.197746 	 0.229735 
3.852843 	 0.218605 	 0.199959 	 0.231910 
3.892977 	 0.221177 	 0.202353 	 0.234364 
3.933110 	 0.223618 	 0.204629 	 0.236941 
3.973244 	 0.226032 	 0.206731 	 0.239079 
4.013378 	 0.228388 	 0.208746 	 0.241315 
4.053512 	 0.230647 	 0.210894 	 0.243403 
4.093645 	 0.232875 	 0.212808 	 0.245627 
4.133779 	 0.235083 	 0.214836 	 0.247738 
4.173913 	 0.237224 	 0.216838 	 0.249577 
4.214047 	 0.239282 	 0.218628 	 0.251503 
4.254181 	 0.241161 	 0.220612 	 0.253303 
4.294314 	 0.243030 	 0.222489 	 0.255214 
4.334448 	 0.244762 	 0.224076 	 0.256767 
4.374582 	 0.246433 	 0.225631 	 0.258479 
4.414716 	 0.247983 	 0.226943 	 0.259778 
4.454849 	 0.249324 	 0.228200 	 0.261155 
4.494983 	 0.250348 	 0.229311 	 0.262393 
4.535117 	 0.251364 	 0.230181 	 0.263721 
4.575251 	 0.252261 	 0.230942 	 0.264786 
4.615385 	 0.253080 	 0.231563 	 0.265619 
4.655518 	 0.253596 	 0.232029 	 0.266118 
4.695652 	 0.253915 	 0.232295 	 0.266459 
4.735786 	 0.253971 	 0.231903 	 0.266752 
4.775920 	 0.253975 	 0.231462 	 0.266736 
4.816054 	 0.253555 	 0.231058 	 0.266459 
4.856187 	 0.252848 	 0.230340 	 0.266125 
4.896321 	 0.251950 	 0.229800 	 0.265439 
4.936455 	 0.250897 	 0.228456 	 0.264429 
4.976589 	 0.249403 	 0.226650 	 0.262939 
5.016722 	 0.247655 	 0.224860 	 0.261607 
5.056856 	 0.245545 	 0.222655 	 0.260102 
5.096990 	 0.243259 	 0.220123 	 0.257994 
5.137124 	 0.240439 	 0.217587 	 0.255477 
5.177258 	 0.237354 	 0.214993 	 0.252754 
5.217391 	 0.233963 	 0.212012 	 0.249560 
5.257525 	 0.230301 	 0.208602 	 0.245641 
5.297659 	 0.226257 	 0.204850 	 0.241837 
5.337793 	 0.221958 	 0.200826 	 0.237480 
5.377926 	 0.217225 	 0.196537 	 0.232702 
5.418060 	 0.212327 	 0.192285 	 0.227681 
5.458194 	 0.207213 	 0.187731 	 0.222334 
5.498328 	 0.201711 	 0.182942 	 0.216467 
5.538462 	 0.195813 	 0.177949 	 0.210221 
5.578595 	 0.189727 	 0.172704 	 0.203777 
5.618729 	 0.183417 	 0.167410 	 0.196753 
5.658863 	 0.176938 	 0.161975 	 0.190051 
5.698997 	 0.170138 	 0.156543 	 0.182866 
5.739130 	 0.163322 	 0.150854 	 0.175474 
5.779264 	 0.156340 	 0.144727 	 0.167525 
5.819398 	 0.149137 	 0.138543 	 0.159513 
5.859532 	 0.141914 	 0.132170 	 0.151483 
5.899666 	 0.134670 	 0.125801 	 0.143095 
5.939799 	 0.127366 	 0.119316 	 0.135086 
5.979933 	 0.120130 	 0.112817 	 0.126842 
6.020067 	 0.112885 	 0.106068 	 0.119293 
6.060201 	 0.105640 	 0.099433 	 0.111558 
6.100334 	 0.098619 	 0.092562 	 0.104378 
6.140468 	 0.091549 	 0.085572 	 0.097494 
6.180602 	 0.084629 	 0.078558 	 0.090884 
6.220736 	 0.077928 	 0.071558 	 0.084443 
6.260870 	 0.071454 	 0.064703 	 0.078482 
6.301003 	 0.065124 	 0.057961 	 0.072690 
6.341137 	 0.059065 	 0.051352 	 0.067023 
6.381271 	 0.053276 	 0.045161 	 0.061530 
6.421405 	 0.047828 	 0.039472 	 0.056322 
6.461538 	 0.042543 	 0.034140 	 0.051487 
6.501672 	 0.037561 	 0.029062 	 0.046744 
6.541806 	 0.032943 	 0.024538 	 0.042329 
6.581940 	 0.028620 	 0.020359 	 0.037901 
6.622074 	 0.024569 	 0.016483 	 0.033699 
6.662207 	 0.020890 	 0.013202 	 0.029896 
6.702341 	 0.017560 	 0.010224 	 0.026369 
6.742475 	 0.014517 	 0.007682 	 0.022989 
6.782609 	 0.011864 	 0.005558 	 0.019910 
6.822742 	 0.009561 	 0.003840 	 0.017058 
6.862876 	 0.007512 	 0.002490 	 0.014419 
6.903010 	 0.005770 	 0.001490 	 0.012012 
6.943144 	 0.004301 	 0.000802 	 0.009889 
6.983278 	 0.003086 	 0.000361 	 0.008071 
7.023411 	 0.002111 	 0.000116 	 0.006469 
7.063545 	 0.001353 	 0.000016 	 0.005099 
7.103679 	 0.000799 	 0.000000 	 0.003924 
7.143813 	 0.000417 	 0.000000 	 0.002930 
7.183946 	 0.000180 	 0.000000 	 0.002086 
7.224080 	 0.000052 	 0.000000 	 0.001416 
7.264214 	 0.000005 	 0.000000 	 0.000901 
7.304348 	 0.000000 	 0.000000 	 0.000525 
7.344482 	 0.000000 	 0.000000 	 0.000268 
7.384615 	 0.000000 	 0.000000 	 0.000113 
7.424749 	 0.000000 	 0.000000 	 0.000032 
7.464883 	 0.000000 	 0.000000 	 0.000002 
7.505017 	 0.000000 	 0.000000 	 0.000000 
7.545151 	 0.000000 	 0.000000 	 0.000000 
7.585284 	 0.000000 	 0.000000 	 0.000000 
7.625418 	 0.000000 	 0.000000 	 0.000000 
7.665552 	 0.000000 	 0.000000 	 0.000000 
7.705686 	 0.000000 	 0.000000 	 0.000000 
7.745819 	 0.000000 	 0.000000 	 0.000000 
7.785953 	 0.000000 	 0.000000 	 0.000000 
7.826087 	 0.000000 	 0.000000 	 0.000000 
7.866221 	 0.000000 	 0.000000 	 0.000000 
7.906355 	 0.000000 	 0.000000 	 0.000000 
7.946488 	 0.000000 	 0.000000 	 0.000000 
7.986622 	 0.000000 	 0.000000 	 0.000000 
8.026756 	 0.000000 	 0.000000 	 0.000000 
8.066890 	 0.000000 	 0.000000 	 0.000003 
8.107023 	 0.000000 	 0.000000 	 0.000017 
8.147157 	 0.000000 	 0.000000 	 0.000050 
8.187291 	 0.000000 	 0.000000 	 0.000110 
8.227425 	 0.000000 	 0.000000 	 0.000202 
8.267559 	 0.000000 	 0.000000 	 0.000333 
8.307692 	 0.000000 	 0.000000 	 0.000506 
8.347826 	 0.000000 	 0.000000 	 0.000727 
8.387960 	 0.000000 	 0.000000 	 0.000998 
8.428094 	 0.000000 	 0.000000 	 0.001338 
8.468227 	 0.000000 	 0.000000 	 0.001743 
8.508361 	 0.000000 	 0.000000 	 0.002212 
8.548495 	 0.000000 	 0.000000 	 0.002747 
8.588629 	 0.000000 	 0.000000 	 0.003348 
8.628763 	 0.000000 	 0.000000 	 0.004017 
8.668896 	 0.000000 	 0.000000 	 0.004752 
8.709030 	 0.000000 	 0.000000 	 0.005555 
8.749164 	 0.000000 	 0.000000 	 0.006423 
8.789298 	 0.000000 	 0.000000 	 0.007356 
8.829431 	 0.000000 	 0.000000 	 0.008383 
8.869565 	 0.000000 	 0.000000 	 0.009538 
8.909699 	 0.000000 	 0.000000 	 0.010708 
8.949833 	 0.000000 	 0.000000 	 0.011857 
8.989967 	 0.000000 	 0.000000 	 0.013072 
9.030100 	 0.000000 	 0.000000 	 0.014421 
9.070234 	 0.000007 	 0.000000 	 0.015823 
9.110368 	 0.000030 	 0.000000 	 0.017275 
9.150502 	 0.000075 	 0.000000 	 0.018775 
9.190635 	 0.000151 	 0.000000 	 0.020318 
9.230769 	 0.000264 	 0.000000 	 0.021901 
9.270903 	 0.000415 	 0.000000 	 0.023521 
9.311037 	 0.000614 	 0.000000 	 0.025173 
9.351171 	 0.000868 	 0.000000 	 0.026854 
9.391304 	 0.001180 	 0.000000 	 0.028561 
9.431438 	 0.001551 	 0.000000 	 0.030290 
9.471572 	 0.001979 	 0.000000 	 0.032036 
9.511706 	 0.002476 	 0.000000 	 0.033798 
9.551839 	 0.003044 	 0.000000 	 0.035571 
9.591973 	 0.003661 	 0.000000 	 0.037352 
9.632107 	 0.004357 	 0.000000 	 0.039073 
9.672241 	 0.005102 	 0.000000 	 0.040718 
9.712375 	 0.005919 	 0.000000 	 0.042365 
9.752508 	 0.006875 	 0.000001 	 0.044012 
9.792642 	 0.007882 	 0.000019 	 0.045656 
9.832776 	 0.008973 	 0.000072 	 0.047296 
9.872910 	 0.010056 	 0.000171 	 0.048929 
9.913043 	 0.011309 	 0.000328 	 0.050475 
9.953177 	 0.012544 	 0.000556 	 0.051963 
9.993311 	 0.013963 	 0.000865 	 0.053434 
10.033445 	 0.015429 	 0.001266 	 0.054886 
10.073579 	 0.016811 	 0.001767 	 0.056319 
10.113712 	 0.018424 	 0.002365 	 0.057108 
10.153846 	 0.020059 	 0.003063 	 0.058323 
10.193980 	 0.021765 	 0.003886 	 0.059756 
10.234114 	 0.023517 	 0.004831 	 0.061169 
10.274247 	 0.025244 	 0.005906 	 0.062560 
10.314381 	 0.027152 	 0.007102 	 0.063930 
10.354515 	 0.029033 	 0.008426 	 0.065279 
10.394649 	 0.031042 	 0.009860 	 0.066604 
10.434783 	 0.032955 	 0.011442 	 0.067794 
10.474916 	 0.034975 	 0.013137 	 0.069069 
10.515050 	 0.037058 	 0.015005 	 0.070389 
10.555184 	 0.039113 	 0.016959 	 0.071678 
10.595318 	 0.041385 	 0.019068 	 0.072848 
10.635452 	 0.043764 	 0.021324 	 0.074159 
10.675585 	 0.045999 	 0.023618 	 0.075154 
10.715719 	 0.048316 	 0.026103 	 0.076179 
10.755853 	 0.050620 	 0.028789 	 0.077506 
10.795987 	 0.053173 	 0.031549 	 0.078857 
10.836120 	 0.055459 	 0.034240 	 0.080572 
10.876254 	 0.057807 	 0.037084 	 0.082207 
10.916388 	 0.060039 	 0.039505 	 0.084177 
10.956522 	 0.062581 	 0.041819 	 0.085619 
10.996656 	 0.064987 	 0.044795 	 0.087264 
11.036789 	 0.067358 	 0.047639 	 0.090522 
11.076923 	 0.069852 	 0.050493 	 0.092849 
11.117057 	 0.072326 	 0.053379 	 0.096173 
11.157191 	 0.074912 	 0.056316 	 0.099576 
11.197324 	 0.076989 	 0.059342 	 0.103130 
11.237458 	 0.079262 	 0.062080 	 0.106625 
11.277592 	 0.081649 	 0.064950 	 0.110140 
11.317726 	 0.084054 	 0.068406 	 0.113518 
11.357860 	 0.086517 	 0.071076 	 0.116758 
11.397993 	 0.088810 	 0.074452 	 0.120178 
11.438127 	 0.091092 	 0.077524 	 0.123868 
11.478261 	 0.093872 	 0.079880 	 0.127571 
11.518395 	 0.096655 	 0.082164 	 0.131286 
11.558528 	 0.099693 	 0.084412 	 0.135010 
11.598662 	 0.102733 	 0.086636 	 0.138670 
11.638796 	 0.105617 	 0.088256 	 0.142236 
11.678930 	 0.108529 	 0.089316 	 0.145806 
11.719064 	 0.111333 	 0.090219 	 0.149376 
11.759197 	 0.114334 	 0.091806 	 0.152785 
11.799331 	 0.117393 	 0.093495 	 0.156196 
11.839465 	 0.120471 	 0.094784 	 0.160050 
11.879599 	 0.123484 	 0.095869 	 0.163833 
11.919732 	 0.126395 	 0.097346 	 0.167196 
11.959866 	 0.129307 	 0.097918 	 0.171426 
12.000000 	 0.132116 	 0.098549 	 0.174883 
