0.000000 	 0.000000 	 0.000000 	 0.031284 
0.040134 	 0.000000 	 0.000000 	 0.026716 
0.080268 	 0.000000 	 0.000000 	 0.021687 
0.120401 	 0.000000 	 0.000000 	 0.016981 
0.160535 	 0.000000 	 0.000000 	 0.013278 
0.200669 	 0.000000 	 0.000000 	 0.010228 
0.240803 	 0.000000 	 0.000000 	 0.007950 
0.280936 	 0.000000 	 0.000000 	 0.006041 
0.321070 	 0.000000 	 0.000000 	 0.004540 
0.361204 	 0.000000 	 0.000000 	 0.003658 
0.401338 	 0.000000 	 0.000000 	 0.003035 
0.441472 	 0.000000 	 0.000000 	 0.002656 
0.481605 	 0.000000 	 0.000000 	 0.002711 
0.521739 	 0.000000 	 0.000000 	 0.002676 
0.561873 	 0.000000 	 0.000000 	 0.002823 
0.602007 	 0.000000 	 0.000000 	 0.003200 
0.642140 	 0.000000 	 0.000000 	 0.003732 
0.682274 	 0.000000 	 0.000000 	 0.004136 
0.722408 	 0.000000 	 0.000000 	 0.004616 
0.762542 	 0.000000 	 0.000000 	 0.005673 
0.802676 	 0.000000 	 0.000000 	 0.006096 
0.842809 	 0.000000 	 0.000000 	 0.006658 
0.882943 	 0.000000 	 0.000000 	 0.007295 
0.923077 	 0.000000 	 0.000000 	 0.008502 
0.963211 	 0.000000 	 0.000000 	 0.009434 
1.003344 	 0.000000 	 0.000000 	 0.009348 
1.043478 	 0.000000 	 0.000000 	 0.009127 
1.083612 	 0.000000 	 0.000000 	 0.009002 
1.123746 	 0.000016 	 0.000000 	 0.008604 
1.163880 	 0.000003 	 0.000000 	 0.008806 
1.204013 	 0.000000 	 0.000000 	 0.009855 
1.244147 	 0.000000 	 0.000000 	 0.009819 
1.284281 	 0.000000 	 0.000000 	 0.010861 
1.324415 	 0.000018 	 0.000000 	 0.010809 
1.364548 	 0.000347 	 0.000000 	 0.011982 
1.404682 	 0.001564 	 0.000000 	 0.014997 
1.444816 	 0.004271 	 0.000000 	 0.019300 
1.484950 	 0.008485 	 0.000221 	 0.023740 
1.525084 	 0.014353 	 0.002532 	 0.029797 
1.565217 	 0.021925 	 0.007526 	 0.037463 
1.605351 	 0.030879 	 0.014749 	 0.046643 
1.645485 	 0.040902 	 0.024653 	 0.057470 
1.685619 	 0.051808 	 0.035799 	 0.068575 
1.725753 	 0.062544 	 0.047373 	 0.079669 
1.765886 	 0.072823 	 0.057670 	 0.090859 
1.806020 	 0.082122 	 0.066502 	 0.099120 
1.846154 	 0.089907 	 0.075107 	 0.107390 
1.886288 	 0.096593 	 0.080782 	 0.113542 
1.926421 	 0.101969 	 0.085961 	 0.118478 
1.966555 	 0.106486 	 0.089335 	 0.122783 
2.006689 	 0.110763 	 0.093344 	 0.127225 
2.046823 	 0.115271 	 0.098197 	 0.131893 
2.086957 	 0.120914 	 0.103323 	 0.137059 
2.127090 	 0.127655 	 0.109770 	 0.142728 
2.167224 	 0.135589 	 0.118183 	 0.150761 
2.207358 	 0.144799 	 0.128516 	 0.159806 
2.247492 	 0.155177 	 0.139448 	 0.169911 
2.287625 	 0.165625 	 0.150037 	 0.181894 
2.327759 	 0.176506 	 0.160953 	 0.192652 
2.367893 	 0.187424 	 0.172395 	 0.203444 
2.408027 	 0.198521 	 0.183365 	 0.214320 
2.448161 	 0.209967 	 0.195562 	 0.225583 
2.488294 	 0.222299 	 0.207898 	 0.236953 
2.528428 	 0.236467 	 0.222351 	 0.250048 
2.568562 	 0.253123 	 0.238147 	 0.266993 
2.608696 	 0.272803 	 0.257876 	 0.287723 
2.648829 	 0.296564 	 0.281339 	 0.311240 
2.688963 	 0.323871 	 0.309429 	 0.339181 
2.729097 	 0.355224 	 0.341263 	 0.370086 
2.769231 	 0.390556 	 0.377267 	 0.404416 
2.809365 	 0.429778 	 0.416039 	 0.443559 
2.849498 	 0.471973 	 0.457507 	 0.484447 
2.889632 	 0.516746 	 0.502115 	 0.530108 
2.929766 	 0.563668 	 0.548295 	 0.577686 
2.969900 	 0.611351 	 0.595233 	 0.624993 
3.010033 	 0.658405 	 0.642677 	 0.671621 
3.050167 	 0.702458 	 0.687755 	 0.715459 
3.090301 	 0.741212 	 0.728303 	 0.755398 
3.130435 	 0.772366 	 0.757512 	 0.786735 
3.170569 	 0.791956 	 0.774891 	 0.807591 
3.210702 	 0.798296 	 0.779368 	 0.815540 
3.250836 	 0.789472 	 0.770585 	 0.807994 
3.290970 	 0.766885 	 0.750871 	 0.784042 
3.331104 	 0.732637 	 0.718478 	 0.746062 
3.371237 	 0.689964 	 0.677020 	 0.701657 
3.411371 	 0.643947 	 0.629093 	 0.655258 
3.451505 	 0.598795 	 0.581749 	 0.611110 
3.491639 	 0.557718 	 0.540736 	 0.570995 
3.531773 	 0.522963 	 0.508223 	 0.535577 
3.571906 	 0.494638 	 0.481722 	 0.505252 
3.612040 	 0.471397 	 0.460151 	 0.481534 
3.652174 	 0.450922 	 0.438580 	 0.463444 
3.692308 	 0.431607 	 0.418112 	 0.446742 
3.732441 	 0.411985 	 0.397262 	 0.427948 
3.772575 	 0.391116 	 0.377962 	 0.405161 
3.812709 	 0.369270 	 0.358227 	 0.381006 
3.852843 	 0.346394 	 0.336723 	 0.356062 
3.892977 	 0.323939 	 0.312687 	 0.333752 
3.933110 	 0.302221 	 0.288759 	 0.312901 
3.973244 	 0.281950 	 0.268269 	 0.293044 
4.013378 	 0.263502 	 0.250410 	 0.273981 
4.053512 	 0.246721 	 0.235660 	 0.255649 
4.093645 	 0.231006 	 0.221531 	 0.239091 
4.133779 	 0.216258 	 0.208092 	 0.224707 
4.173913 	 0.202170 	 0.194080 	 0.212649 
4.214047 	 0.188550 	 0.179567 	 0.200259 
4.254181 	 0.175233 	 0.165382 	 0.187571 
4.294314 	 0.162287 	 0.152756 	 0.173917 
4.334448 	 0.149504 	 0.140907 	 0.159850 
4.374582 	 0.137182 	 0.129747 	 0.145118 
4.414716 	 0.125054 	 0.117791 	 0.131628 
4.454849 	 0.113542 	 0.104553 	 0.120621 
4.494983 	 0.102512 	 0.090707 	 0.110873 
4.535117 	 0.091883 	 0.078542 	 0.101314 
4.575251 	 0.081832 	 0.068625 	 0.092431 
4.615385 	 0.072358 	 0.060222 	 0.084112 
4.655518 	 0.063622 	 0.052515 	 0.075475 
4.695652 	 0.056153 	 0.046854 	 0.067161 
4.735786 	 0.049952 	 0.042010 	 0.058966 
4.775920 	 0.044933 	 0.038084 	 0.052770 
4.816054 	 0.041087 	 0.033658 	 0.050806 
4.856187 	 0.038062 	 0.029441 	 0.050121 
4.896321 	 0.036081 	 0.025161 	 0.050746 
4.936455 	 0.035706 	 0.021957 	 0.051761 
4.976589 	 0.035807 	 0.019141 	 0.052298 
5.016722 	 0.036009 	 0.017066 	 0.051198 
5.056856 	 0.036271 	 0.016466 	 0.048357 
5.096990 	 0.035262 	 0.016470 	 0.044488 
5.137124 	 0.033228 	 0.015962 	 0.040661 
5.177258 	 0.030121 	 0.015277 	 0.036273 
5.217391 	 0.026378 	 0.013038 	 0.032709 
5.257525 	 0.022779 	 0.010034 	 0.029694 
5.297659 	 0.018950 	 0.005403 	 0.027227 
5.337793 	 0.014512 	 0.002081 	 0.025582 
5.377926 	 0.010032 	 0.000265 	 0.023865 
5.418060 	 0.006029 	 0.000000 	 0.021615 
5.458194 	 0.002899 	 0.000000 	 0.020331 
5.498328 	 0.000936 	 0.000000 	 0.018587 
5.538462 	 0.000084 	 0.000000 	 0.017147 
5.578595 	 0.000000 	 0.000000 	 0.016083 
5.618729 	 0.000000 	 0.000000 	 0.013871 
5.658863 	 0.000000 	 0.000000 	 0.011933 
5.698997 	 0.000000 	 0.000000 	 0.009628 
5.739130 	 0.000000 	 0.000000 	 0.008255 
5.779264 	 0.000000 	 0.000000 	 0.006510 
5.819398 	 0.000000 	 0.000000 	 0.004634 
5.859532 	 0.000000 	 0.000000 	 0.003050 
5.899666 	 0.000000 	 0.000000 	 0.001813 
5.939799 	 0.000000 	 0.000000 	 0.000980 
5.979933 	 0.000000 	 0.000000 	 0.000503 
6.020067 	 0.000000 	 0.000000 	 0.000214 
6.060201 	 0.000000 	 0.000000 	 0.000045 
6.100334 	 0.000000 	 0.000000 	 0.000000 
6.140468 	 0.000000 	 0.000000 	 0.000000 
6.180602 	 0.000000 	 0.000000 	 0.000000 
6.220736 	 0.000000 	 0.000000 	 0.000000 
6.260870 	 0.000000 	 0.000000 	 0.000000 
6.301003 	 0.000000 	 0.000000 	 0.000000 
6.341137 	 0.000000 	 0.000000 	 0.000000 
6.381271 	 0.000000 	 0.000000 	 0.000000 
6.421405 	 0.000000 	 0.000000 	 0.000000 
6.461538 	 0.000000 	 0.000000 	 0.000000 
6.501672 	 0.000000 	 0.000000 	 0.000000 
6.541806 	 0.000000 	 0.000000 	 0.000000 
6.581940 	 0.000000 	 0.000000 	 0.000000 
6.622074 	 0.000000 	 0.000000 	 0.000000 
6.662207 	 0.000000 	 0.000000 	 0.000000 
6.702341 	 0.000000 	 0.000000 	 0.000000 
6.742475 	 0.000000 	 0.000000 	 0.000000 
6.782609 	 0.000000 	 0.000000 	 0.000000 
6.822742 	 0.000000 	 0.000000 	 0.000000 
6.862876 	 0.000000 	 0.000000 	 0.000000 
6.903010 	 0.000000 	 0.000000 	 0.000000 
6.943144 	 0.000000 	 0.000000 	 0.000000 
6.983278 	 0.000000 	 0.000000 	 0.000000 
7.023411 	 0.000000 	 0.000000 	 0.000000 
7.063545 	 0.000000 	 0.000000 	 0.000000 
7.103679 	 0.000000 	 0.000000 	 0.000000 
7.143813 	 0.000000 	 0.000000 	 0.000000 
7.183946 	 0.000000 	 0.000000 	 0.000000 
7.224080 	 0.000000 	 0.000000 	 0.000000 
7.264214 	 0.000000 	 0.000000 	 0.000000 
7.304348 	 0.000000 	 0.000000 	 0.000000 
7.344482 	 0.000000 	 0.000000 	 0.000000 
7.384615 	 0.000000 	 0.000000 	 0.000000 
7.424749 	 0.000000 	 0.000000 	 0.000000 
7.464883 	 0.000000 	 0.000000 	 0.000000 
7.505017 	 0.000000 	 0.000000 	 0.000000 
7.545151 	 0.000000 	 0.000000 	 0.000000 
7.585284 	 0.000000 	 0.000000 	 0.000000 
7.625418 	 0.000000 	 0.000000 	 0.000000 
7.665552 	 0.000000 	 0.000000 	 0.000000 
7.705686 	 0.000000 	 0.000000 	 0.000000 
7.745819 	 0.000000 	 0.000000 	 0.000000 
7.785953 	 0.000000 	 0.000000 	 0.000000 
7.826087 	 0.000000 	 0.000000 	 0.000000 
7.866221 	 0.000000 	 0.000000 	 0.000000 
7.906355 	 0.000000 	 0.000000 	 0.000000 
7.946488 	 0.000000 	 0.000000 	 0.000000 
7.986622 	 0.000000 	 0.000000 	 0.000000 
8.026756 	 0.000000 	 0.000000 	 0.000000 
8.066890 	 0.000000 	 0.000000 	 0.000000 
8.107023 	 0.000000 	 0.000000 	 0.000000 
8.147157 	 0.000000 	 0.000000 	 0.000000 
8.187291 	 0.000000 	 0.000000 	 0.000000 
8.227425 	 0.000000 	 0.000000 	 0.000000 
8.267559 	 0.000000 	 0.000000 	 0.000000 
8.307692 	 0.000000 	 0.000000 	 0.000000 
8.347826 	 0.000000 	 0.000000 	 0.000000 
8.387960 	 0.000000 	 0.000000 	 0.000000 
8.428094 	 0.000000 	 0.000000 	 0.000000 
8.468227 	 0.000000 	 0.000000 	 0.000000 
8.508361 	 0.000000 	 0.000000 	 0.000000 
8.548495 	 0.000000 	 0.000000 	 0.000000 
8.588629 	 0.000000 	 0.000000 	 0.000000 
8.628763 	 0.000000 	 0.000000 	 0.000000 
8.668896 	 0.000000 	 0.000000 	 0.000000 
8.709030 	 0.000000 	 0.000000 	 0.000000 
8.749164 	 0.000000 	 0.000000 	 0.000000 
8.789298 	 0.000000 	 0.000000 	 0.000000 
8.829431 	 0.000000 	 0.000000 	 0.000000 
8.869565 	 0.000000 	 0.000000 	 0.000000 
8.909699 	 0.000000 	 0.000000 	 0.000000 
8.949833 	 0.000000 	 0.000000 	 0.000000 
8.989967 	 0.000000 	 0.000000 	 0.000000 
9.030100 	 0.000000 	 0.000000 	 0.000000 
9.070234 	 0.000000 	 0.000000 	 0.000000 
9.110368 	 0.000000 	 0.000000 	 0.000000 
9.150502 	 0.000000 	 0.000000 	 0.000000 
9.190635 	 0.000000 	 0.000000 	 0.000000 
9.230769 	 0.000000 	 0.000000 	 0.000000 
9.270903 	 0.000000 	 0.000000 	 0.000000 
9.311037 	 0.000000 	 0.000000 	 0.000000 
9.351171 	 0.000000 	 0.000000 	 0.000000 
9.391304 	 0.000000 	 0.000000 	 0.000000 
9.431438 	 0.000000 	 0.000000 	 0.000000 
9.471572 	 0.000000 	 0.000000 	 0.000000 
9.511706 	 0.000000 	 0.000000 	 0.000000 
9.551839 	 0.000000 	 0.000000 	 0.000000 
9.591973 	 0.000000 	 0.000000 	 0.000000 
9.632107 	 0.000000 	 0.000000 	 0.000000 
9.672241 	 0.000000 	 0.000000 	 0.000000 
9.712375 	 0.000000 	 0.000000 	 0.000000 
9.752508 	 0.000000 	 0.000000 	 0.000000 
9.792642 	 0.000000 	 0.000000 	 0.000000 
9.832776 	 0.000000 	 0.000000 	 0.000000 
9.872910 	 0.000000 	 0.000000 	 0.000000 
9.913043 	 0.000000 	 0.000000 	 0.000000 
9.953177 	 0.000000 	 0.000000 	 0.000000 
9.993311 	 0.000000 	 0.000000 	 0.000000 
10.033445 	 0.000000 	 0.000000 	 0.000000 
10.073579 	 0.000000 	 0.000000 	 0.000000 
10.113712 	 0.000000 	 0.000000 	 0.000000 
10.153846 	 0.000000 	 0.000000 	 0.000000 
10.193980 	 0.000000 	 0.000000 	 0.000000 
10.234114 	 0.000000 	 0.000000 	 0.000000 
10.274247 	 0.000000 	 0.000000 	 0.000000 
10.314381 	 0.000000 	 0.000000 	 0.000000 
10.354515 	 0.000000 	 0.000000 	 0.000000 
10.394649 	 0.000000 	 0.000000 	 0.000000 
10.434783 	 0.000000 	 0.000000 	 0.000000 
10.474916 	 0.000000 	 0.000000 	 0.000000 
10.515050 	 0.000000 	 0.000000 	 0.000000 
10.555184 	 0.000000 	 0.000000 	 0.000000 
10.595318 	 0.000000 	 0.000000 	 0.000000 
10.635452 	 0.000000 	 0.000000 	 0.000000 
10.675585 	 0.000000 	 0.000000 	 0.000000 
10.715719 	 0.000000 	 0.000000 	 0.000000 
10.755853 	 0.000000 	 0.000000 	 0.000000 
10.795987 	 0.000000 	 0.000000 	 0.000000 
10.836120 	 0.000000 	 0.000000 	 0.000000 
10.876254 	 0.000000 	 0.000000 	 0.000000 
10.916388 	 0.000000 	 0.000000 	 0.000000 
10.956522 	 0.000000 	 0.000000 	 0.000000 
10.996656 	 0.000000 	 0.000000 	 0.000000 
11.036789 	 0.000000 	 0.000000 	 0.000000 
11.076923 	 0.000000 	 0.000000 	 0.000000 
11.117057 	 0.000000 	 0.000000 	 0.000000 
11.157191 	 0.000000 	 0.000000 	 0.000000 
11.197324 	 0.000000 	 0.000000 	 0.000000 
11.237458 	 0.000000 	 0.000000 	 0.000000 
11.277592 	 0.000000 	 0.000000 	 0.000000 
11.317726 	 0.000000 	 0.000000 	 0.000000 
11.357860 	 0.000000 	 0.000000 	 0.000000 
11.397993 	 0.000000 	 0.000000 	 0.000000 
11.438127 	 0.000000 	 0.000000 	 0.000000 
11.478261 	 0.000000 	 0.000000 	 0.000000 
11.518395 	 0.000000 	 0.000000 	 0.000000 
11.558528 	 0.000000 	 0.000000 	 0.000000 
11.598662 	 0.000000 	 0.000000 	 0.000000 
11.638796 	 0.000000 	 0.000000 	 0.000000 
11.678930 	 0.000000 	 0.000000 	 0.000000 
11.719064 	 0.000000 	 0.000000 	 0.000000 
11.759197 	 0.000000 	 0.000000 	 0.000009 
11.799331 	 0.000000 	 0.000000 	 0.000037 
11.839465 	 0.000000 	 0.000000 	 0.000090 
11.879599 	 0.000000 	 0.000000 	 0.000168 
11.919732 	 0.000000 	 0.000000 	 0.000268 
11.959866 	 0.000000 	 0.000000 	 0.000381 
12.000000 	 0.000000 	 0.000000 	 0.000499 
