0.000000 	 0.999016 	 1.000275 	 0.997895 	 1.002689 
0.012000 	 0.981173 	 0.976759 	 0.975039 	 0.978629 
0.024000 	 0.945925 	 0.941872 	 0.940258 	 0.943416 
0.036000 	 0.906311 	 0.907844 	 0.906633 	 0.909019 
0.048000 	 0.875451 	 0.876621 	 0.875640 	 0.877745 
0.060000 	 0.845935 	 0.848569 	 0.847641 	 0.849581 
0.072000 	 0.822074 	 0.823403 	 0.822509 	 0.824403 
0.084000 	 0.799896 	 0.800890 	 0.800007 	 0.801853 
0.096000 	 0.779059 	 0.780760 	 0.779938 	 0.781655 
0.108000 	 0.765825 	 0.762731 	 0.761917 	 0.763575 
0.120000 	 0.748225 	 0.746561 	 0.745777 	 0.747369 
0.132000 	 0.730940 	 0.731979 	 0.731235 	 0.732757 
0.144000 	 0.721084 	 0.718884 	 0.718165 	 0.719612 
0.156000 	 0.707022 	 0.707232 	 0.706523 	 0.707931 
0.168000 	 0.695887 	 0.696582 	 0.695888 	 0.697269 
0.180000 	 0.686707 	 0.687080 	 0.686411 	 0.687748 
0.192000 	 0.679630 	 0.678543 	 0.677875 	 0.679189 
0.204000 	 0.671662 	 0.670797 	 0.670150 	 0.671435 
0.216000 	 0.663798 	 0.663923 	 0.663305 	 0.664534 
0.228000 	 0.658344 	 0.657646 	 0.657026 	 0.658229 
0.240000 	 0.653347 	 0.652081 	 0.651467 	 0.652649 
0.252000 	 0.646172 	 0.647008 	 0.646415 	 0.647574 
0.264000 	 0.643580 	 0.642423 	 0.641859 	 0.642990 
0.276000 	 0.636966 	 0.638528 	 0.637950 	 0.639096 
0.288000 	 0.634384 	 0.634663 	 0.634113 	 0.635231 
0.300000 	 0.631099 	 0.631605 	 0.631043 	 0.632162 
0.312000 	 0.626890 	 0.628568 	 0.628012 	 0.629128 
0.324000 	 0.626431 	 0.625942 	 0.625399 	 0.626487 
0.336000 	 0.620824 	 0.623787 	 0.623242 	 0.624321 
0.348000 	 0.620419 	 0.621572 	 0.621031 	 0.622117 
0.360000 	 0.620704 	 0.619734 	 0.619199 	 0.620270 
0.372000 	 0.615104 	 0.618334 	 0.617791 	 0.618847 
0.384000 	 0.615866 	 0.616620 	 0.616114 	 0.617120 
0.396000 	 0.617433 	 0.615455 	 0.614937 	 0.615967 
0.408000 	 0.614477 	 0.614553 	 0.614022 	 0.615059 
0.420000 	 0.615239 	 0.613358 	 0.612851 	 0.613838 
0.432000 	 0.611187 	 0.612421 	 0.611932 	 0.612883 
0.444000 	 0.612650 	 0.612054 	 0.611571 	 0.612545 
0.456000 	 0.610939 	 0.611267 	 0.610809 	 0.611740 
0.468000 	 0.608755 	 0.610557 	 0.610107 	 0.611026 
0.480000 	 0.609915 	 0.610269 	 0.609830 	 0.610719 
0.492000 	 0.611145 	 0.610143 	 0.609704 	 0.610616 
0.504000 	 0.609515 	 0.609496 	 0.609073 	 0.609946 
0.516000 	 0.610017 	 0.609224 	 0.608799 	 0.609669 
0.528000 	 0.609450 	 0.609245 	 0.608821 	 0.609698 
0.540000 	 0.609096 	 0.609203 	 0.608773 	 0.609657 
0.552000 	 0.607345 	 0.608832 	 0.608415 	 0.609278 
0.564000 	 0.607645 	 0.608631 	 0.608216 	 0.609078 
0.576000 	 0.609788 	 0.608889 	 0.608472 	 0.609342 
0.588000 	 0.607997 	 0.609002 	 0.608577 	 0.609456 
0.600000 	 0.609149 	 0.608815 	 0.608400 	 0.609259 
0.612000 	 0.610827 	 0.608655 	 0.608237 	 0.609091 
0.624000 	 0.609412 	 0.608767 	 0.608349 	 0.609202 
0.636000 	 0.608216 	 0.609321 	 0.608893 	 0.609742 
0.648000 	 0.609439 	 0.609185 	 0.608767 	 0.609617 
0.660000 	 0.609827 	 0.608963 	 0.608538 	 0.609399 
0.672000 	 0.608225 	 0.609035 	 0.608612 	 0.609470 
0.684000 	 0.610120 	 0.609432 	 0.609011 	 0.609869 
0.696000 	 0.609402 	 0.609790 	 0.609364 	 0.610230 
0.708000 	 0.609321 	 0.609733 	 0.609314 	 0.610178 
0.720000 	 0.609892 	 0.609358 	 0.608903 	 0.609792 
0.732000 	 0.610266 	 0.609621 	 0.609170 	 0.610054 
0.744000 	 0.610657 	 0.610212 	 0.609770 	 0.610641 
0.756000 	 0.612422 	 0.610369 	 0.609925 	 0.610810 
0.768000 	 0.610438 	 0.610284 	 0.609839 	 0.610714 
0.780000 	 0.611863 	 0.610089 	 0.609635 	 0.610513 
0.792000 	 0.610145 	 0.610185 	 0.609731 	 0.610605 
0.804000 	 0.611434 	 0.610595 	 0.610147 	 0.611017 
0.816000 	 0.610858 	 0.611101 	 0.610668 	 0.611509 
0.828000 	 0.611368 	 0.610909 	 0.610469 	 0.611311 
0.840000 	 0.610781 	 0.610629 	 0.610189 	 0.611032 
0.852000 	 0.611944 	 0.610782 	 0.610356 	 0.611170 
0.864000 	 0.611404 	 0.610900 	 0.610472 	 0.611304 
0.876000 	 0.610557 	 0.611313 	 0.610895 	 0.611697 
0.888000 	 0.609587 	 0.611552 	 0.611139 	 0.611940 
0.900000 	 0.611138 	 0.611489 	 0.611076 	 0.611853 
0.912000 	 0.611397 	 0.611126 	 0.610711 	 0.611496 
0.924000 	 0.610686 	 0.611015 	 0.610595 	 0.611390 
0.936000 	 0.613145 	 0.611489 	 0.611095 	 0.611844 
0.948000 	 0.611968 	 0.611761 	 0.611370 	 0.612127 
0.960000 	 0.610486 	 0.611874 	 0.611487 	 0.612241 
0.972000 	 0.613360 	 0.611846 	 0.611470 	 0.612201 
0.984000 	 0.611717 	 0.611576 	 0.611201 	 0.611919 
0.996000 	 0.610258 	 0.611226 	 0.610839 	 0.611577 
1.008000 	 0.611637 	 0.611492 	 0.611123 	 0.611831 
1.020000 	 0.612038 	 0.611908 	 0.611546 	 0.612257 
1.032000 	 0.612878 	 0.612358 	 0.612003 	 0.612707 
1.044000 	 0.611609 	 0.612078 	 0.611723 	 0.612417 
1.056000 	 0.610703 	 0.611576 	 0.611216 	 0.611923 
1.068000 	 0.611869 	 0.611490 	 0.611136 	 0.611832 
1.080000 	 0.611907 	 0.611510 	 0.611163 	 0.611857 
1.092000 	 0.610761 	 0.611666 	 0.611324 	 0.612015 
1.104000 	 0.610790 	 0.612090 	 0.611752 	 0.612438 
1.116000 	 0.609823 	 0.612372 	 0.612038 	 0.612725 
1.128000 	 0.611247 	 0.612030 	 0.611695 	 0.612380 
1.140000 	 0.610833 	 0.611450 	 0.611104 	 0.611797 
1.152000 	 0.612835 	 0.611262 	 0.610901 	 0.611607 
1.164000 	 0.609018 	 0.611343 	 0.610996 	 0.611692 
1.176000 	 0.610836 	 0.611837 	 0.611482 	 0.612183 
1.188000 	 0.609892 	 0.612005 	 0.611668 	 0.612353 
1.200000 	 0.613882 	 0.611908 	 0.611576 	 0.612250 
1.212000 	 0.611779 	 0.611786 	 0.611447 	 0.612129 
1.224000 	 0.612500 	 0.611577 	 0.611226 	 0.611919 
1.236000 	 0.611274 	 0.611057 	 0.610706 	 0.611399 
1.248000 	 0.611369 	 0.610930 	 0.610572 	 0.611271 
1.260000 	 0.611220 	 0.611212 	 0.610863 	 0.611546 
1.272000 	 0.612407 	 0.611675 	 0.611328 	 0.612015 
1.284000 	 0.611403 	 0.611781 	 0.611436 	 0.612110 
1.296000 	 0.611695 	 0.611564 	 0.611223 	 0.611894 
1.308000 	 0.610768 	 0.611226 	 0.610879 	 0.611559 
1.320000 	 0.608554 	 0.610790 	 0.610438 	 0.611123 
1.332000 	 0.609728 	 0.610733 	 0.610382 	 0.611067 
1.344000 	 0.611355 	 0.610770 	 0.610415 	 0.611113 
1.356000 	 0.614187 	 0.610636 	 0.610293 	 0.610969 
1.368000 	 0.612075 	 0.610954 	 0.610614 	 0.611291 
1.380000 	 0.607869 	 0.611366 	 0.611027 	 0.611704 
1.392000 	 0.610045 	 0.611343 	 0.611005 	 0.611679 
1.404000 	 0.612385 	 0.610763 	 0.610425 	 0.611094 
1.416000 	 0.610568 	 0.610195 	 0.609855 	 0.610526 
1.428000 	 0.610597 	 0.609946 	 0.609606 	 0.610276 
1.440000 	 0.610450 	 0.610044 	 0.609699 	 0.610368 
1.452000 	 0.610831 	 0.610246 	 0.609910 	 0.610564 
1.464000 	 0.609272 	 0.610441 	 0.610115 	 0.610750 
1.476000 	 0.610366 	 0.610654 	 0.610335 	 0.610965 
1.488000 	 0.608208 	 0.610563 	 0.610242 	 0.610868 
1.500000 	 0.609972 	 0.610315 	 0.609997 	 0.610615 
1.512000 	 0.609108 	 0.610082 	 0.609748 	 0.610393 
1.524000 	 0.609830 	 0.609487 	 0.609152 	 0.609792 
1.536000 	 0.609892 	 0.608957 	 0.608617 	 0.609264 
1.548000 	 0.609270 	 0.609189 	 0.608843 	 0.609489 
1.560000 	 0.609213 	 0.609712 	 0.609367 	 0.610012 
1.572000 	 0.610346 	 0.610089 	 0.609749 	 0.610386 
1.584000 	 0.609873 	 0.610109 	 0.609776 	 0.610402 
1.596000 	 0.611258 	 0.609802 	 0.609471 	 0.610095 
1.608000 	 0.608013 	 0.609387 	 0.609052 	 0.609680 
1.620000 	 0.608984 	 0.608977 	 0.608642 	 0.609270 
1.632000 	 0.608979 	 0.608687 	 0.608360 	 0.608988 
1.644000 	 0.609733 	 0.608570 	 0.608235 	 0.608868 
1.656000 	 0.608699 	 0.608534 	 0.608207 	 0.608828 
1.668000 	 0.608770 	 0.608818 	 0.608482 	 0.609108 
1.680000 	 0.606502 	 0.608983 	 0.608657 	 0.609275 
1.692000 	 0.607282 	 0.609278 	 0.608953 	 0.609570 
1.704000 	 0.609048 	 0.609438 	 0.609108 	 0.609737 
1.716000 	 0.608915 	 0.608974 	 0.608643 	 0.609272 
1.728000 	 0.607877 	 0.608101 	 0.607768 	 0.608393 
1.740000 	 0.609631 	 0.607681 	 0.607339 	 0.607973 
1.752000 	 0.607501 	 0.607762 	 0.607422 	 0.608059 
1.764000 	 0.608173 	 0.607865 	 0.607533 	 0.608157 
1.776000 	 0.607676 	 0.608007 	 0.607682 	 0.608295 
1.788000 	 0.610911 	 0.608180 	 0.607859 	 0.608470 
1.800000 	 0.608324 	 0.608226 	 0.607898 	 0.608514 
1.812000 	 0.609062 	 0.608334 	 0.608013 	 0.608619 
1.824000 	 0.609088 	 0.608236 	 0.607914 	 0.608525 
1.836000 	 0.609368 	 0.607963 	 0.607638 	 0.608251 
1.848000 	 0.608225 	 0.607589 	 0.607262 	 0.607873 
1.860000 	 0.607004 	 0.607146 	 0.606826 	 0.607436 
1.872000 	 0.608090 	 0.606726 	 0.606405 	 0.607014 
1.884000 	 0.608787 	 0.606719 	 0.606400 	 0.607008 
1.896000 	 0.605262 	 0.606819 	 0.606495 	 0.607114 
1.908000 	 0.608487 	 0.607432 	 0.607114 	 0.607723 
1.920000 	 0.605633 	 0.607826 	 0.607514 	 0.608114 
1.932000 	 0.608769 	 0.607609 	 0.607297 	 0.607898 
1.944000 	 0.607047 	 0.607250 	 0.606941 	 0.607536 
1.956000 	 0.605614 	 0.607009 	 0.606699 	 0.607299 
1.968000 	 0.606612 	 0.606860 	 0.606556 	 0.607149 
1.980000 	 0.604533 	 0.606492 	 0.606189 	 0.606781 
1.992000 	 0.603618 	 0.606145 	 0.605844 	 0.606431 
2.004000 	 0.606413 	 0.605978 	 0.605675 	 0.606269 
2.016000 	 0.607487 	 0.605905 	 0.605605 	 0.606196 
2.028000 	 0.606749 	 0.606074 	 0.605778 	 0.606366 
2.040000 	 0.604424 	 0.606446 	 0.606157 	 0.606739 
2.052000 	 0.604160 	 0.606789 	 0.606506 	 0.607079 
2.064000 	 0.605516 	 0.606945 	 0.606662 	 0.607232 
2.076000 	 0.606276 	 0.606905 	 0.606621 	 0.607194 
2.088000 	 0.605705 	 0.606374 	 0.606097 	 0.606658 
2.100000 	 0.604606 	 0.605692 	 0.605404 	 0.605974 
2.112000 	 0.607696 	 0.605145 	 0.604860 	 0.605431 
2.124000 	 0.606621 	 0.604982 	 0.604695 	 0.605268 
2.136000 	 0.605828 	 0.605143 	 0.604856 	 0.605434 
2.148000 	 0.605080 	 0.605525 	 0.605237 	 0.605814 
2.160000 	 0.605153 	 0.605563 	 0.605275 	 0.605848 
2.172000 	 0.607774 	 0.605422 	 0.605141 	 0.605707 
2.184000 	 0.604280 	 0.605798 	 0.605513 	 0.606079 
2.196000 	 0.605184 	 0.606056 	 0.605772 	 0.606338 
2.208000 	 0.604544 	 0.606074 	 0.605785 	 0.606351 
2.220000 	 0.604607 	 0.605724 	 0.605442 	 0.606005 
2.232000 	 0.605729 	 0.605230 	 0.604949 	 0.605511 
2.244000 	 0.607056 	 0.604745 	 0.604461 	 0.605019 
2.256000 	 0.604481 	 0.604269 	 0.603974 	 0.604540 
2.268000 	 0.602049 	 0.604004 	 0.603705 	 0.604280 
2.280000 	 0.605862 	 0.604136 	 0.603842 	 0.604408 
2.292000 	 0.604759 	 0.604502 	 0.604213 	 0.604770 
2.304000 	 0.603219 	 0.604904 	 0.604629 	 0.605176 
2.316000 	 0.604206 	 0.605317 	 0.605044 	 0.605585 
2.328000 	 0.603322 	 0.605493 	 0.605218 	 0.605764 
2.340000 	 0.604101 	 0.605232 	 0.604959 	 0.605507 
2.352000 	 0.603194 	 0.604786 	 0.604512 	 0.605061 
2.364000 	 0.606314 	 0.604408 	 0.604128 	 0.604684 
2.376000 	 0.603019 	 0.604223 	 0.603937 	 0.604500 
2.388000 	 0.603495 	 0.604057 	 0.603772 	 0.604330 
2.400000 	 0.602295 	 0.603924 	 0.603637 	 0.604190 
2.412000 	 0.604828 	 0.603542 	 0.603252 	 0.603811 
2.424000 	 0.604308 	 0.603273 	 0.602980 	 0.603547 
2.436000 	 0.603975 	 0.603402 	 0.603111 	 0.603680 
2.448000 	 0.603343 	 0.604020 	 0.603730 	 0.604282 
2.460000 	 0.605415 	 0.604355 	 0.604065 	 0.604619 
2.472000 	 0.604225 	 0.604459 	 0.604180 	 0.604738 
2.484000 	 0.604470 	 0.604632 	 0.604347 	 0.604901 
2.496000 	 0.604741 	 0.604519 	 0.604234 	 0.604787 
2.508000 	 0.605039 	 0.604121 	 0.603835 	 0.604390 
2.520000 	 0.604013 	 0.603589 	 0.603301 	 0.603848 
2.532000 	 0.604086 	 0.602983 	 0.602694 	 0.603244 
2.544000 	 0.602428 	 0.602778 	 0.602495 	 0.603030 
2.556000 	 0.603581 	 0.602773 	 0.602491 	 0.603024 
2.568000 	 0.601987 	 0.602837 	 0.602550 	 0.603091 
2.580000 	 0.606083 	 0.603027 	 0.602751 	 0.603281 
2.592000 	 0.603347 	 0.603256 	 0.602977 	 0.603506 
2.604000 	 0.602743 	 0.603267 	 0.602991 	 0.603520 
2.616000 	 0.604556 	 0.603240 	 0.602960 	 0.603492 
2.628000 	 0.602775 	 0.603313 	 0.603028 	 0.603562 
2.640000 	 0.604461 	 0.603588 	 0.603305 	 0.603841 
2.652000 	 0.602992 	 0.603759 	 0.603485 	 0.604014 
2.664000 	 0.603048 	 0.603692 	 0.603417 	 0.603938 
2.676000 	 0.603720 	 0.603243 	 0.602965 	 0.603482 
2.688000 	 0.603712 	 0.602548 	 0.602268 	 0.602781 
2.700000 	 0.603085 	 0.601939 	 0.601657 	 0.602175 
2.712000 	 0.601753 	 0.601686 	 0.601403 	 0.601922 
2.724000 	 0.600344 	 0.601862 	 0.601581 	 0.602094 
2.736000 	 0.602919 	 0.602046 	 0.601760 	 0.602275 
2.748000 	 0.603199 	 0.602085 	 0.601794 	 0.602315 
2.760000 	 0.602189 	 0.602381 	 0.602093 	 0.602612 
2.772000 	 0.604312 	 0.602834 	 0.602553 	 0.603073 
2.784000 	 0.603619 	 0.603148 	 0.602870 	 0.603383 
2.796000 	 0.602010 	 0.602987 	 0.602701 	 0.603230 
2.808000 	 0.601300 	 0.602724 	 0.602443 	 0.602976 
2.820000 	 0.604305 	 0.602565 	 0.602276 	 0.602804 
2.832000 	 0.602010 	 0.602231 	 0.601943 	 0.602473 
2.844000 	 0.601886 	 0.602047 	 0.601754 	 0.602285 
2.856000 	 0.603478 	 0.601855 	 0.601565 	 0.602093 
2.868000 	 0.601311 	 0.601511 	 0.601220 	 0.601748 
2.880000 	 0.600624 	 0.601253 	 0.600961 	 0.601489 
2.892000 	 0.602450 	 0.601057 	 0.600766 	 0.601304 
2.904000 	 0.601314 	 0.600791 	 0.600503 	 0.601032 
2.916000 	 0.601305 	 0.600891 	 0.600605 	 0.601133 
2.928000 	 0.599760 	 0.601369 	 0.601082 	 0.601613 
2.940000 	 0.599598 	 0.602007 	 0.601722 	 0.602254 
2.952000 	 0.601914 	 0.602481 	 0.602205 	 0.602734 
2.964000 	 0.600147 	 0.602591 	 0.602307 	 0.602850 
2.976000 	 0.601655 	 0.602377 	 0.602095 	 0.602633 
2.988000 	 0.602081 	 0.601906 	 0.601618 	 0.602162 
3.000000 	 0.601150 	 0.601406 	 0.601119 	 0.601663 
3.012000 	 0.600280 	 0.601001 	 0.600714 	 0.601252 
3.024000 	 0.601580 	 0.600731 	 0.600443 	 0.600984 
3.036000 	 0.599522 	 0.600487 	 0.600193 	 0.600735 
3.048000 	 0.601001 	 0.600140 	 0.599852 	 0.600395 
3.060000 	 0.600943 	 0.600115 	 0.599826 	 0.600362 
3.072000 	 0.600665 	 0.600326 	 0.600044 	 0.600585 
3.084000 	 0.599756 	 0.600743 	 0.600456 	 0.600994 
3.096000 	 0.601363 	 0.600815 	 0.600538 	 0.601067 
3.108000 	 0.597011 	 0.600751 	 0.600472 	 0.601001 
3.120000 	 0.597688 	 0.600842 	 0.600558 	 0.601095 
3.132000 	 0.600168 	 0.601128 	 0.600844 	 0.601378 
3.144000 	 0.601135 	 0.601346 	 0.601065 	 0.601601 
3.156000 	 0.601054 	 0.601370 	 0.601087 	 0.601632 
3.168000 	 0.602234 	 0.601238 	 0.600958 	 0.601503 
3.180000 	 0.601540 	 0.601004 	 0.600723 	 0.601263 
3.192000 	 0.600688 	 0.600440 	 0.600166 	 0.600693 
3.204000 	 0.600657 	 0.599688 	 0.599417 	 0.599942 
3.216000 	 0.600618 	 0.599225 	 0.598954 	 0.599468 
3.228000 	 0.599193 	 0.598904 	 0.598630 	 0.599147 
3.240000 	 0.600310 	 0.598853 	 0.598579 	 0.599104 
3.252000 	 0.599265 	 0.599350 	 0.599080 	 0.599592 
3.264000 	 0.600576 	 0.599833 	 0.599567 	 0.600086 
3.276000 	 0.600958 	 0.600068 	 0.599804 	 0.600329 
3.288000 	 0.600645 	 0.600127 	 0.599858 	 0.600395 
3.300000 	 0.599098 	 0.600295 	 0.600035 	 0.600558 
3.312000 	 0.599461 	 0.600266 	 0.599999 	 0.600531 
3.324000 	 0.599581 	 0.600257 	 0.599997 	 0.600522 
3.336000 	 0.599507 	 0.600209 	 0.599948 	 0.600476 
3.348000 	 0.599034 	 0.600032 	 0.599773 	 0.600298 
3.360000 	 0.600696 	 0.599763 	 0.599507 	 0.600025 
3.372000 	 0.598579 	 0.599350 	 0.599092 	 0.599609 
3.384000 	 0.599667 	 0.599025 	 0.598771 	 0.599281 
3.396000 	 0.601224 	 0.598850 	 0.598599 	 0.599108 
3.408000 	 0.600803 	 0.598781 	 0.598533 	 0.599038 
3.420000 	 0.601044 	 0.598630 	 0.598376 	 0.598885 
3.432000 	 0.598405 	 0.598265 	 0.598005 	 0.598525 
3.444000 	 0.599126 	 0.597953 	 0.597695 	 0.598215 
3.456000 	 0.598151 	 0.598103 	 0.597844 	 0.598369 
3.468000 	 0.601116 	 0.598527 	 0.598267 	 0.598790 
3.480000 	 0.597900 	 0.599010 	 0.598753 	 0.599275 
3.492000 	 0.598348 	 0.599387 	 0.599125 	 0.599656 
3.504000 	 0.598941 	 0.599569 	 0.599291 	 0.599846 
3.516000 	 0.599198 	 0.599774 	 0.599499 	 0.600055 
3.528000 	 0.597420 	 0.599612 	 0.599335 	 0.599892 
3.540000 	 0.597983 	 0.599106 	 0.598831 	 0.599383 
3.552000 	 0.599034 	 0.598539 	 0.598261 	 0.598822 
3.564000 	 0.599509 	 0.598013 	 0.597733 	 0.598302 
3.576000 	 0.599710 	 0.597795 	 0.597514 	 0.598088 
3.588000 	 0.598300 	 0.597697 	 0.597418 	 0.597995 
3.600000 	 0.597491 	 0.597652 	 0.597367 	 0.597952 
3.612000 	 0.600767 	 0.597597 	 0.597308 	 0.597900 
3.624000 	 0.598289 	 0.597541 	 0.597244 	 0.597846 
3.636000 	 0.598751 	 0.597280 	 0.596986 	 0.597592 
3.648000 	 0.599054 	 0.597192 	 0.596893 	 0.597510 
3.660000 	 0.596093 	 0.597479 	 0.597172 	 0.597798 
3.672000 	 0.598222 	 0.597744 	 0.597423 	 0.598063 
3.684000 	 0.597244 	 0.597789 	 0.597464 	 0.598115 
3.696000 	 0.598478 	 0.597996 	 0.597661 	 0.598323 
3.708000 	 0.598875 	 0.598191 	 0.597851 	 0.598523 
3.720000 	 0.597080 	 0.598242 	 0.597891 	 0.598579 
3.732000 	 0.598167 	 0.598238 	 0.597884 	 0.598583 
3.744000 	 0.595074 	 0.598233 	 0.597874 	 0.598589 
3.756000 	 0.597030 	 0.598129 	 0.597769 	 0.598491 
3.768000 	 0.596162 	 0.597757 	 0.597393 	 0.598126 
3.780000 	 0.597554 	 0.597085 	 0.596718 	 0.597458 
3.792000 	 0.597039 	 0.596381 	 0.596017 	 0.596760 
3.804000 	 0.597051 	 0.595739 	 0.595364 	 0.596117 
3.816000 	 0.597298 	 0.595608 	 0.595229 	 0.595998 
3.828000 	 0.597318 	 0.595810 	 0.595428 	 0.596224 
3.840000 	 0.599079 	 0.596095 	 0.595708 	 0.596513 
3.852000 	 0.597655 	 0.596376 	 0.595985 	 0.596794 
3.864000 	 0.596042 	 0.596585 	 0.596180 	 0.597018 
3.876000 	 0.596600 	 0.596820 	 0.596408 	 0.597260 
3.888000 	 0.594101 	 0.597109 	 0.596697 	 0.597558 
3.900000 	 0.598869 	 0.597148 	 0.596726 	 0.597609 
3.912000 	 0.594757 	 0.596993 	 0.596557 	 0.597469 
3.924000 	 0.595985 	 0.596805 	 0.596361 	 0.597298 
3.936000 	 0.597345 	 0.596776 	 0.596328 	 0.597279 
3.948000 	 0.596887 	 0.596843 	 0.596391 	 0.597358 
3.960000 	 0.596178 	 0.596892 	 0.596447 	 0.597417 
3.972000 	 0.595198 	 0.596606 	 0.596153 	 0.597141 
3.984000 	 0.595096 	 0.596181 	 0.595722 	 0.596724 
3.996000 	 0.595419 	 0.595749 	 0.595289 	 0.596302 
4.008000 	 0.595429 	 0.595267 	 0.594802 	 0.595830 
