0.000000 	 0.000000 	 0.000000 	 0.000000 
0.040134 	 0.000000 	 0.000000 	 0.000000 
0.080268 	 0.000000 	 0.000000 	 0.000000 
0.120401 	 0.000000 	 0.000000 	 0.000000 
0.160535 	 0.000000 	 0.000000 	 0.000000 
0.200669 	 0.000000 	 0.000000 	 0.000000 
0.240803 	 0.000000 	 0.000000 	 0.000000 
0.280936 	 0.000000 	 0.000000 	 0.000000 
0.321070 	 0.000000 	 0.000000 	 0.000000 
0.361204 	 0.000000 	 0.000000 	 0.000000 
0.401338 	 0.000000 	 0.000000 	 0.000000 
0.441472 	 0.000000 	 0.000000 	 0.000013 
0.481605 	 0.000000 	 0.000000 	 0.000098 
0.521739 	 0.000000 	 0.000000 	 0.000309 
0.561873 	 0.000000 	 0.000000 	 0.000697 
0.602007 	 0.000027 	 0.000000 	 0.001213 
0.642140 	 0.000171 	 0.000000 	 0.002046 
0.682274 	 0.000514 	 0.000000 	 0.003209 
0.722408 	 0.001130 	 0.000000 	 0.004737 
0.762542 	 0.002103 	 0.000000 	 0.006658 
0.802676 	 0.003500 	 0.000132 	 0.009001 
0.842809 	 0.005381 	 0.000546 	 0.011757 
0.882943 	 0.007766 	 0.001374 	 0.015028 
0.923077 	 0.010711 	 0.002871 	 0.018828 
0.963211 	 0.014252 	 0.005034 	 0.023073 
1.003344 	 0.018460 	 0.007867 	 0.027825 
1.043478 	 0.023371 	 0.011516 	 0.033090 
1.083612 	 0.028952 	 0.016035 	 0.039202 
1.123746 	 0.035224 	 0.021592 	 0.045849 
1.163880 	 0.042156 	 0.028309 	 0.052784 
1.204013 	 0.049780 	 0.035867 	 0.060452 
1.244147 	 0.058115 	 0.044471 	 0.068537 
1.284281 	 0.067275 	 0.054049 	 0.077135 
1.324415 	 0.076930 	 0.064295 	 0.086351 
1.364548 	 0.087277 	 0.075574 	 0.096157 
1.404682 	 0.098101 	 0.087303 	 0.106457 
1.444816 	 0.109405 	 0.099873 	 0.117032 
1.484950 	 0.121232 	 0.112634 	 0.128326 
1.525084 	 0.133463 	 0.125632 	 0.140229 
1.565217 	 0.146082 	 0.138740 	 0.152882 
1.605351 	 0.158925 	 0.151807 	 0.165640 
1.645485 	 0.172097 	 0.164979 	 0.179669 
1.685619 	 0.185230 	 0.178289 	 0.193758 
1.725753 	 0.198402 	 0.191467 	 0.207967 
1.765886 	 0.211805 	 0.204691 	 0.222159 
1.806020 	 0.225162 	 0.217870 	 0.235935 
1.846154 	 0.238435 	 0.230819 	 0.249650 
1.886288 	 0.251524 	 0.243505 	 0.263106 
1.926421 	 0.264416 	 0.256246 	 0.276219 
1.966555 	 0.277018 	 0.268627 	 0.289000 
2.006689 	 0.289352 	 0.280723 	 0.301254 
2.046823 	 0.301326 	 0.292721 	 0.313228 
2.086957 	 0.313030 	 0.304585 	 0.324332 
2.127090 	 0.324253 	 0.315703 	 0.335163 
2.167224 	 0.335122 	 0.326438 	 0.345605 
2.207358 	 0.345457 	 0.336854 	 0.355341 
2.247492 	 0.355210 	 0.346753 	 0.364489 
2.287625 	 0.364619 	 0.355691 	 0.373338 
2.327759 	 0.373581 	 0.364621 	 0.381634 
2.367893 	 0.381840 	 0.372779 	 0.389620 
2.408027 	 0.389648 	 0.380808 	 0.397048 
2.448161 	 0.396901 	 0.388151 	 0.404332 
2.488294 	 0.403679 	 0.394665 	 0.411016 
2.528428 	 0.409985 	 0.399977 	 0.417237 
2.568562 	 0.415736 	 0.405117 	 0.422902 
2.608696 	 0.420942 	 0.410067 	 0.428060 
2.648829 	 0.425561 	 0.414777 	 0.432664 
2.688963 	 0.429608 	 0.418634 	 0.436891 
2.729097 	 0.433153 	 0.422183 	 0.440397 
2.769231 	 0.436121 	 0.425065 	 0.443262 
2.809365 	 0.438304 	 0.427984 	 0.445273 
2.849498 	 0.440058 	 0.430089 	 0.446802 
2.889632 	 0.441048 	 0.431558 	 0.447591 
2.929766 	 0.441404 	 0.431822 	 0.447960 
2.969900 	 0.441063 	 0.431874 	 0.447425 
3.010033 	 0.440034 	 0.431234 	 0.446613 
3.050167 	 0.438385 	 0.429832 	 0.444890 
3.090301 	 0.435831 	 0.427522 	 0.442722 
3.130435 	 0.432648 	 0.424534 	 0.439960 
3.170569 	 0.428541 	 0.420447 	 0.436049 
3.210702 	 0.423783 	 0.415793 	 0.431542 
3.250836 	 0.418206 	 0.410239 	 0.426218 
3.290970 	 0.411974 	 0.404033 	 0.419991 
3.331104 	 0.404927 	 0.396987 	 0.413233 
3.371237 	 0.397011 	 0.389299 	 0.405563 
3.411371 	 0.388576 	 0.380833 	 0.396881 
3.451505 	 0.379398 	 0.371793 	 0.387611 
3.491639 	 0.369717 	 0.362225 	 0.377435 
3.531773 	 0.359441 	 0.352193 	 0.366684 
3.571906 	 0.348532 	 0.341425 	 0.355432 
3.612040 	 0.337109 	 0.330416 	 0.343491 
3.652174 	 0.325311 	 0.318551 	 0.331253 
3.692308 	 0.313191 	 0.306107 	 0.319033 
3.732441 	 0.300745 	 0.293438 	 0.306338 
3.772575 	 0.288162 	 0.280757 	 0.293593 
3.812709 	 0.275352 	 0.268480 	 0.280661 
3.852843 	 0.262506 	 0.255185 	 0.267883 
3.892977 	 0.249756 	 0.242027 	 0.255032 
3.933110 	 0.236969 	 0.229660 	 0.242292 
3.973244 	 0.224342 	 0.217341 	 0.229832 
4.013378 	 0.211840 	 0.205191 	 0.217393 
4.053512 	 0.199470 	 0.193215 	 0.204929 
4.093645 	 0.187330 	 0.181396 	 0.192826 
4.133779 	 0.175584 	 0.169850 	 0.180958 
4.173913 	 0.164076 	 0.158591 	 0.169459 
4.214047 	 0.152903 	 0.147488 	 0.158183 
4.254181 	 0.142083 	 0.136669 	 0.147125 
4.294314 	 0.131607 	 0.126639 	 0.136479 
4.334448 	 0.121635 	 0.116692 	 0.126262 
4.374582 	 0.112095 	 0.107181 	 0.116555 
4.414716 	 0.103026 	 0.098012 	 0.107457 
4.454849 	 0.094342 	 0.089464 	 0.098846 
4.494983 	 0.086274 	 0.081496 	 0.090811 
4.535117 	 0.078736 	 0.073965 	 0.083397 
4.575251 	 0.071673 	 0.066778 	 0.076452 
4.615385 	 0.065133 	 0.060272 	 0.070230 
4.655518 	 0.059081 	 0.054107 	 0.064420 
4.695652 	 0.053614 	 0.048435 	 0.059368 
4.735786 	 0.048773 	 0.043502 	 0.054508 
4.775920 	 0.044417 	 0.039229 	 0.050646 
4.816054 	 0.040564 	 0.035454 	 0.047464 
4.856187 	 0.037069 	 0.032143 	 0.044537 
4.896321 	 0.034051 	 0.028995 	 0.042062 
4.936455 	 0.031440 	 0.026563 	 0.039673 
4.976589 	 0.029266 	 0.024642 	 0.037556 
5.016722 	 0.027445 	 0.022979 	 0.035601 
5.056856 	 0.025968 	 0.021797 	 0.034000 
5.096990 	 0.024704 	 0.020529 	 0.032001 
5.137124 	 0.023695 	 0.019380 	 0.030215 
5.177258 	 0.022810 	 0.018426 	 0.029152 
5.217391 	 0.022061 	 0.017616 	 0.027941 
5.257525 	 0.021323 	 0.016779 	 0.026791 
5.297659 	 0.020714 	 0.015936 	 0.026213 
5.337793 	 0.020225 	 0.015023 	 0.025506 
5.377926 	 0.019609 	 0.013830 	 0.024822 
5.418060 	 0.018938 	 0.012823 	 0.024239 
5.458194 	 0.018291 	 0.011852 	 0.023469 
5.498328 	 0.017607 	 0.010789 	 0.022506 
5.538462 	 0.016854 	 0.009920 	 0.021384 
5.578595 	 0.016060 	 0.009046 	 0.020225 
5.618729 	 0.015157 	 0.007934 	 0.018932 
5.658863 	 0.014224 	 0.006548 	 0.017676 
5.698997 	 0.013220 	 0.005309 	 0.016250 
5.739130 	 0.012146 	 0.004720 	 0.015148 
5.779264 	 0.011108 	 0.003566 	 0.013933 
5.819398 	 0.010008 	 0.003004 	 0.012997 
5.859532 	 0.008970 	 0.002187 	 0.012026 
5.899666 	 0.007904 	 0.001833 	 0.011416 
5.939799 	 0.006964 	 0.001591 	 0.010842 
5.979933 	 0.006023 	 0.001080 	 0.010463 
6.020067 	 0.005054 	 0.000715 	 0.010027 
6.060201 	 0.004172 	 0.000448 	 0.009764 
6.100334 	 0.003345 	 0.000230 	 0.009546 
6.140468 	 0.002608 	 0.000093 	 0.009388 
6.180602 	 0.001986 	 0.000014 	 0.009315 
6.220736 	 0.001504 	 0.000000 	 0.009284 
6.260870 	 0.001059 	 0.000000 	 0.009113 
6.301003 	 0.000700 	 0.000000 	 0.009035 
6.341137 	 0.000424 	 0.000000 	 0.009003 
6.381271 	 0.000215 	 0.000000 	 0.008960 
6.421405 	 0.000086 	 0.000000 	 0.009180 
6.461538 	 0.000022 	 0.000000 	 0.009370 
6.501672 	 0.000000 	 0.000000 	 0.009469 
6.541806 	 0.000000 	 0.000000 	 0.009701 
6.581940 	 0.000000 	 0.000000 	 0.009784 
6.622074 	 0.000000 	 0.000000 	 0.009729 
6.662207 	 0.000000 	 0.000000 	 0.009793 
6.702341 	 0.000000 	 0.000000 	 0.010285 
6.742475 	 0.000000 	 0.000000 	 0.010738 
6.782609 	 0.000000 	 0.000000 	 0.011274 
6.822742 	 0.000000 	 0.000000 	 0.011486 
6.862876 	 0.000000 	 0.000000 	 0.011412 
6.903010 	 0.000000 	 0.000000 	 0.011808 
6.943144 	 0.000000 	 0.000000 	 0.012082 
6.983278 	 0.000000 	 0.000000 	 0.012674 
7.023411 	 0.000000 	 0.000000 	 0.012601 
7.063545 	 0.000000 	 0.000000 	 0.012399 
7.103679 	 0.000000 	 0.000000 	 0.012126 
7.143813 	 0.000000 	 0.000000 	 0.011845 
7.183946 	 0.000000 	 0.000000 	 0.011915 
7.224080 	 0.000000 	 0.000000 	 0.011411 
7.264214 	 0.000000 	 0.000000 	 0.010868 
7.304348 	 0.000000 	 0.000000 	 0.010394 
7.344482 	 0.000000 	 0.000000 	 0.009813 
7.384615 	 0.000000 	 0.000000 	 0.009225 
7.424749 	 0.000000 	 0.000000 	 0.008760 
7.464883 	 0.000000 	 0.000000 	 0.008164 
7.505017 	 0.000000 	 0.000000 	 0.007608 
7.545151 	 0.000000 	 0.000000 	 0.007046 
7.585284 	 0.000000 	 0.000000 	 0.006481 
7.625418 	 0.000000 	 0.000000 	 0.005919 
7.665552 	 0.000000 	 0.000000 	 0.005381 
7.705686 	 0.000000 	 0.000000 	 0.004868 
7.745819 	 0.000000 	 0.000000 	 0.004366 
7.785953 	 0.000000 	 0.000000 	 0.003879 
7.826087 	 0.000000 	 0.000000 	 0.003411 
7.866221 	 0.000000 	 0.000000 	 0.002964 
7.906355 	 0.000000 	 0.000000 	 0.002543 
7.946488 	 0.000000 	 0.000000 	 0.002153 
7.986622 	 0.000000 	 0.000000 	 0.001818 
8.026756 	 0.000000 	 0.000000 	 0.001509 
8.066890 	 0.000000 	 0.000000 	 0.001227 
8.107023 	 0.000000 	 0.000000 	 0.000974 
8.147157 	 0.000000 	 0.000000 	 0.000744 
8.187291 	 0.000000 	 0.000000 	 0.000517 
8.227425 	 0.000000 	 0.000000 	 0.000338 
8.267559 	 0.000000 	 0.000000 	 0.000204 
8.307692 	 0.000000 	 0.000000 	 0.000118 
8.347826 	 0.000000 	 0.000000 	 0.000060 
8.387960 	 0.000000 	 0.000000 	 0.000024 
8.428094 	 0.000000 	 0.000000 	 0.000007 
8.468227 	 0.000000 	 0.000000 	 0.000001 
8.508361 	 0.000000 	 0.000000 	 0.000000 
8.548495 	 0.000000 	 0.000000 	 0.000000 
8.588629 	 0.000000 	 0.000000 	 0.000000 
8.628763 	 0.000000 	 0.000000 	 0.000000 
8.668896 	 0.000000 	 0.000000 	 0.000000 
8.709030 	 0.000000 	 0.000000 	 0.000000 
8.749164 	 0.000000 	 0.000000 	 0.000000 
8.789298 	 0.000000 	 0.000000 	 0.000000 
8.829431 	 0.000000 	 0.000000 	 0.000000 
8.869565 	 0.000000 	 0.000000 	 0.000000 
8.909699 	 0.000000 	 0.000000 	 0.000000 
8.949833 	 0.000000 	 0.000000 	 0.000000 
8.989967 	 0.000000 	 0.000000 	 0.000000 
9.030100 	 0.000000 	 0.000000 	 0.000000 
9.070234 	 0.000000 	 0.000000 	 0.000000 
9.110368 	 0.000000 	 0.000000 	 0.000000 
9.150502 	 0.000000 	 0.000000 	 0.000000 
9.190635 	 0.000000 	 0.000000 	 0.000000 
9.230769 	 0.000000 	 0.000000 	 0.000000 
9.270903 	 0.000000 	 0.000000 	 0.000000 
9.311037 	 0.000000 	 0.000000 	 0.000000 
9.351171 	 0.000000 	 0.000000 	 0.000000 
9.391304 	 0.000000 	 0.000000 	 0.000000 
9.431438 	 0.000000 	 0.000000 	 0.000000 
9.471572 	 0.000000 	 0.000000 	 0.000000 
9.511706 	 0.000000 	 0.000000 	 0.000000 
9.551839 	 0.000000 	 0.000000 	 0.000000 
9.591973 	 0.000000 	 0.000000 	 0.000000 
9.632107 	 0.000000 	 0.000000 	 0.000000 
9.672241 	 0.000000 	 0.000000 	 0.000000 
9.712375 	 0.000000 	 0.000000 	 0.000000 
9.752508 	 0.000000 	 0.000000 	 0.000000 
9.792642 	 0.000000 	 0.000000 	 0.000000 
9.832776 	 0.000000 	 0.000000 	 0.000000 
9.872910 	 0.000000 	 0.000000 	 0.000000 
9.913043 	 0.000000 	 0.000000 	 0.000000 
9.953177 	 0.000000 	 0.000000 	 0.000000 
9.993311 	 0.000000 	 0.000000 	 0.000000 
10.033445 	 0.000000 	 0.000000 	 0.000000 
10.073579 	 0.000000 	 0.000000 	 0.000000 
10.113712 	 0.000000 	 0.000000 	 0.000000 
10.153846 	 0.000000 	 0.000000 	 0.000000 
10.193980 	 0.000000 	 0.000000 	 0.000000 
10.234114 	 0.000000 	 0.000000 	 0.000000 
10.274247 	 0.000000 	 0.000000 	 0.000000 
10.314381 	 0.000000 	 0.000000 	 0.000000 
10.354515 	 0.000000 	 0.000000 	 0.000000 
10.394649 	 0.000000 	 0.000000 	 0.000000 
10.434783 	 0.000000 	 0.000000 	 0.000000 
10.474916 	 0.000000 	 0.000000 	 0.000000 
10.515050 	 0.000000 	 0.000000 	 0.000000 
10.555184 	 0.000000 	 0.000000 	 0.000000 
10.595318 	 0.000000 	 0.000000 	 0.000000 
10.635452 	 0.000000 	 0.000000 	 0.000000 
10.675585 	 0.000000 	 0.000000 	 0.000000 
10.715719 	 0.000000 	 0.000000 	 0.000000 
10.755853 	 0.000000 	 0.000000 	 0.000000 
10.795987 	 0.000000 	 0.000000 	 0.000000 
10.836120 	 0.000000 	 0.000000 	 0.000000 
10.876254 	 0.000000 	 0.000000 	 0.000000 
10.916388 	 0.000000 	 0.000000 	 0.000000 
10.956522 	 0.000000 	 0.000000 	 0.000000 
10.996656 	 0.000000 	 0.000000 	 0.000000 
11.036789 	 0.000000 	 0.000000 	 0.000000 
11.076923 	 0.000000 	 0.000000 	 0.000000 
11.117057 	 0.000000 	 0.000000 	 0.000000 
11.157191 	 0.000000 	 0.000000 	 0.000000 
11.197324 	 0.000000 	 0.000000 	 0.000000 
11.237458 	 0.000000 	 0.000000 	 0.000000 
11.277592 	 0.000000 	 0.000000 	 0.000000 
11.317726 	 0.000000 	 0.000000 	 0.000000 
11.357860 	 0.000000 	 0.000000 	 0.000000 
11.397993 	 0.000000 	 0.000000 	 0.000000 
11.438127 	 0.000000 	 0.000000 	 0.000000 
11.478261 	 0.000000 	 0.000000 	 0.000000 
11.518395 	 0.000000 	 0.000000 	 0.000000 
11.558528 	 0.000000 	 0.000000 	 0.000000 
11.598662 	 0.000000 	 0.000000 	 0.000000 
11.638796 	 0.000000 	 0.000000 	 0.000000 
11.678930 	 0.000000 	 0.000000 	 0.000000 
11.719064 	 0.000000 	 0.000000 	 0.000000 
11.759197 	 0.000000 	 0.000000 	 0.000000 
11.799331 	 0.000000 	 0.000000 	 0.000000 
11.839465 	 0.000000 	 0.000000 	 0.000000 
11.879599 	 0.000000 	 0.000000 	 0.000000 
11.919732 	 0.000000 	 0.000000 	 0.000000 
11.959866 	 0.000000 	 0.000000 	 0.000000 
12.000000 	 0.000000 	 0.000000 	 0.000000 
