0.000000 	 1.003137 	 1.004648 	 0.999946 	 1.008990 
0.020000 	 0.992699 	 0.991577 	 0.989102 	 0.994231 
0.040000 	 0.978808 	 0.980675 	 0.978525 	 0.982830 
0.060000 	 0.970709 	 0.970641 	 0.968689 	 0.972452 
0.080000 	 0.962301 	 0.961205 	 0.959439 	 0.962834 
0.100000 	 0.954948 	 0.952223 	 0.950469 	 0.953743 
0.120000 	 0.942279 	 0.943927 	 0.942289 	 0.945299 
0.140000 	 0.936098 	 0.936007 	 0.934477 	 0.937284 
0.160000 	 0.929655 	 0.928495 	 0.927035 	 0.929706 
0.180000 	 0.919838 	 0.921341 	 0.919972 	 0.922540 
0.200000 	 0.916522 	 0.914622 	 0.913306 	 0.915744 
0.220000 	 0.910002 	 0.908213 	 0.906984 	 0.909253 
0.240000 	 0.901214 	 0.902115 	 0.900949 	 0.903120 
0.260000 	 0.897970 	 0.896232 	 0.895112 	 0.897212 
0.280000 	 0.888557 	 0.890727 	 0.889666 	 0.891707 
0.300000 	 0.881865 	 0.885505 	 0.884495 	 0.886464 
0.320000 	 0.875692 	 0.880401 	 0.879447 	 0.881348 
0.340000 	 0.876703 	 0.875656 	 0.874732 	 0.876598 
0.360000 	 0.867513 	 0.871089 	 0.870172 	 0.872018 
0.380000 	 0.867452 	 0.866757 	 0.865842 	 0.867673 
0.400000 	 0.865801 	 0.862623 	 0.861700 	 0.863523 
0.420000 	 0.861017 	 0.858638 	 0.857725 	 0.859514 
0.440000 	 0.855098 	 0.854926 	 0.854025 	 0.855805 
0.460000 	 0.850259 	 0.851250 	 0.850368 	 0.852097 
0.480000 	 0.850478 	 0.847806 	 0.846940 	 0.848646 
0.500000 	 0.844850 	 0.844559 	 0.843684 	 0.845393 
0.520000 	 0.841881 	 0.841419 	 0.840553 	 0.842244 
0.540000 	 0.837728 	 0.838478 	 0.837612 	 0.839308 
0.560000 	 0.838935 	 0.835502 	 0.834642 	 0.836354 
0.580000 	 0.834293 	 0.832920 	 0.832071 	 0.833770 
0.600000 	 0.828903 	 0.830287 	 0.829462 	 0.831107 
0.620000 	 0.823056 	 0.827765 	 0.826928 	 0.828565 
0.640000 	 0.827355 	 0.825582 	 0.824784 	 0.826366 
0.660000 	 0.827089 	 0.823197 	 0.822394 	 0.823976 
0.680000 	 0.818532 	 0.821102 	 0.820336 	 0.821881 
0.700000 	 0.820093 	 0.819159 	 0.818413 	 0.819927 
0.720000 	 0.819757 	 0.817043 	 0.816293 	 0.817790 
0.740000 	 0.812985 	 0.815368 	 0.814657 	 0.816103 
0.760000 	 0.813391 	 0.813614 	 0.812931 	 0.814359 
0.780000 	 0.816537 	 0.811814 	 0.811103 	 0.812546 
0.800000 	 0.810805 	 0.810241 	 0.809540 	 0.810963 
0.820000 	 0.809817 	 0.808900 	 0.808203 	 0.809605 
0.840000 	 0.811318 	 0.807301 	 0.806590 	 0.807998 
0.860000 	 0.802588 	 0.805994 	 0.805287 	 0.806675 
0.880000 	 0.806295 	 0.804798 	 0.804069 	 0.805470 
0.900000 	 0.804421 	 0.803552 	 0.802826 	 0.804216 
0.920000 	 0.804979 	 0.802229 	 0.801497 	 0.802881 
0.940000 	 0.800660 	 0.801287 	 0.800570 	 0.801938 
0.960000 	 0.796097 	 0.800243 	 0.799537 	 0.800888 
0.980000 	 0.797343 	 0.799256 	 0.798561 	 0.799901 
1.000000 	 0.797291 	 0.798191 	 0.797501 	 0.798804 
1.020000 	 0.800489 	 0.797418 	 0.796727 	 0.798033 
1.040000 	 0.794136 	 0.796650 	 0.795941 	 0.797264 
1.060000 	 0.793959 	 0.795710 	 0.795012 	 0.796317 
1.080000 	 0.796898 	 0.794971 	 0.794272 	 0.795581 
1.100000 	 0.790605 	 0.794336 	 0.793637 	 0.794954 
1.120000 	 0.791934 	 0.793768 	 0.793063 	 0.794401 
1.140000 	 0.795182 	 0.792954 	 0.792249 	 0.793575 
1.160000 	 0.792097 	 0.792314 	 0.791628 	 0.792932 
1.180000 	 0.791748 	 0.791928 	 0.791250 	 0.792578 
1.200000 	 0.791934 	 0.791361 	 0.790691 	 0.791997 
1.220000 	 0.791947 	 0.790865 	 0.790194 	 0.791503 
1.240000 	 0.792466 	 0.790236 	 0.789578 	 0.790864 
1.260000 	 0.786698 	 0.789859 	 0.789187 	 0.790486 
1.280000 	 0.784995 	 0.789573 	 0.788911 	 0.790208 
1.300000 	 0.791546 	 0.789142 	 0.788482 	 0.789776 
1.320000 	 0.786703 	 0.788649 	 0.787999 	 0.789284 
1.340000 	 0.784182 	 0.788365 	 0.787704 	 0.789003 
1.360000 	 0.790747 	 0.787998 	 0.787342 	 0.788624 
1.380000 	 0.789571 	 0.787872 	 0.787197 	 0.788507 
1.400000 	 0.784046 	 0.787531 	 0.786861 	 0.788161 
1.420000 	 0.786848 	 0.787110 	 0.786450 	 0.787732 
1.440000 	 0.786938 	 0.786881 	 0.786223 	 0.787496 
1.460000 	 0.787716 	 0.786710 	 0.786045 	 0.787319 
1.480000 	 0.785783 	 0.786579 	 0.785903 	 0.787182 
1.500000 	 0.787432 	 0.786313 	 0.785653 	 0.786919 
1.520000 	 0.787309 	 0.786067 	 0.785405 	 0.786668 
1.540000 	 0.786792 	 0.785714 	 0.785085 	 0.786318 
1.560000 	 0.783713 	 0.785747 	 0.785092 	 0.786337 
1.580000 	 0.786105 	 0.785685 	 0.785032 	 0.786270 
1.600000 	 0.782694 	 0.785465 	 0.784829 	 0.786044 
1.620000 	 0.785185 	 0.785240 	 0.784606 	 0.785816 
1.640000 	 0.784130 	 0.785090 	 0.784457 	 0.785654 
1.660000 	 0.782065 	 0.784975 	 0.784342 	 0.785528 
1.680000 	 0.782381 	 0.784942 	 0.784318 	 0.785490 
1.700000 	 0.781825 	 0.784934 	 0.784316 	 0.785490 
1.720000 	 0.786219 	 0.784738 	 0.784134 	 0.785280 
1.740000 	 0.784384 	 0.784485 	 0.783900 	 0.785017 
1.760000 	 0.780238 	 0.784447 	 0.783865 	 0.784986 
1.780000 	 0.784416 	 0.784407 	 0.783822 	 0.784942 
1.800000 	 0.786115 	 0.784386 	 0.783799 	 0.784914 
1.820000 	 0.782807 	 0.784365 	 0.783778 	 0.784880 
1.840000 	 0.785313 	 0.784246 	 0.783670 	 0.784747 
1.860000 	 0.780414 	 0.784081 	 0.783523 	 0.784570 
1.880000 	 0.784473 	 0.783965 	 0.783416 	 0.784454 
1.900000 	 0.785484 	 0.783947 	 0.783397 	 0.784430 
1.920000 	 0.786312 	 0.784105 	 0.783554 	 0.784609 
1.940000 	 0.782944 	 0.783947 	 0.783410 	 0.784438 
1.960000 	 0.779487 	 0.783876 	 0.783339 	 0.784371 
1.980000 	 0.781242 	 0.783759 	 0.783227 	 0.784248 
2.000000 	 0.779378 	 0.783647 	 0.783120 	 0.784129 
2.020000 	 0.782793 	 0.783581 	 0.783058 	 0.784060 
2.040000 	 0.781058 	 0.783658 	 0.783139 	 0.784133 
2.060000 	 0.789030 	 0.783706 	 0.783192 	 0.784185 
2.080000 	 0.785553 	 0.783683 	 0.783166 	 0.784142 
2.100000 	 0.781253 	 0.783440 	 0.782937 	 0.783900 
2.120000 	 0.784242 	 0.783295 	 0.782789 	 0.783746 
2.140000 	 0.781023 	 0.783309 	 0.782807 	 0.783755 
2.160000 	 0.783399 	 0.783343 	 0.782845 	 0.783802 
2.180000 	 0.789122 	 0.783309 	 0.782806 	 0.783759 
2.200000 	 0.785319 	 0.783361 	 0.782840 	 0.783808 
2.220000 	 0.781473 	 0.783260 	 0.782738 	 0.783707 
2.240000 	 0.783870 	 0.783096 	 0.782579 	 0.783550 
2.260000 	 0.785289 	 0.782913 	 0.782405 	 0.783375 
2.280000 	 0.784389 	 0.782889 	 0.782385 	 0.783344 
2.300000 	 0.784247 	 0.782971 	 0.782457 	 0.783423 
2.320000 	 0.781223 	 0.783044 	 0.782543 	 0.783494 
2.340000 	 0.780112 	 0.782960 	 0.782462 	 0.783414 
2.360000 	 0.777799 	 0.782782 	 0.782282 	 0.783244 
2.380000 	 0.785436 	 0.782691 	 0.782194 	 0.783143 
2.400000 	 0.780263 	 0.782623 	 0.782126 	 0.783073 
2.420000 	 0.779821 	 0.782455 	 0.781962 	 0.782899 
2.440000 	 0.782178 	 0.782437 	 0.781942 	 0.782880 
2.460000 	 0.785651 	 0.782530 	 0.782028 	 0.782970 
2.480000 	 0.784995 	 0.782497 	 0.781995 	 0.782935 
2.500000 	 0.782087 	 0.782414 	 0.781907 	 0.782849 
2.520000 	 0.785269 	 0.782237 	 0.781733 	 0.782670 
2.540000 	 0.786880 	 0.782040 	 0.781536 	 0.782477 
2.560000 	 0.781252 	 0.781975 	 0.781469 	 0.782411 
2.580000 	 0.783802 	 0.781949 	 0.781440 	 0.782383 
2.600000 	 0.779470 	 0.781935 	 0.781425 	 0.782366 
2.620000 	 0.778307 	 0.781836 	 0.781322 	 0.782264 
2.640000 	 0.780132 	 0.781808 	 0.781299 	 0.782238 
2.660000 	 0.783860 	 0.781775 	 0.781272 	 0.782201 
2.680000 	 0.783247 	 0.781572 	 0.781068 	 0.782002 
2.700000 	 0.781966 	 0.781295 	 0.780788 	 0.781743 
2.720000 	 0.782495 	 0.781189 	 0.780685 	 0.781634 
2.740000 	 0.782625 	 0.781153 	 0.780656 	 0.781601 
2.760000 	 0.781358 	 0.781101 	 0.780600 	 0.781547 
2.780000 	 0.782924 	 0.781147 	 0.780654 	 0.781592 
2.800000 	 0.777778 	 0.780986 	 0.780490 	 0.781439 
2.820000 	 0.779642 	 0.780870 	 0.780374 	 0.781325 
2.840000 	 0.779261 	 0.780679 	 0.780182 	 0.781132 
2.860000 	 0.781044 	 0.780527 	 0.780030 	 0.780984 
2.880000 	 0.779996 	 0.780326 	 0.779834 	 0.780794 
2.900000 	 0.783250 	 0.780151 	 0.779663 	 0.780625 
2.920000 	 0.780562 	 0.780060 	 0.779570 	 0.780531 
2.940000 	 0.779287 	 0.780125 	 0.779633 	 0.780583 
2.960000 	 0.782612 	 0.780102 	 0.779598 	 0.780557 
2.980000 	 0.778654 	 0.779924 	 0.779422 	 0.780382 
3.000000 	 0.779368 	 0.779658 	 0.779169 	 0.780118 
3.020000 	 0.781644 	 0.779436 	 0.778948 	 0.779906 
3.040000 	 0.780811 	 0.779262 	 0.778774 	 0.779737 
3.060000 	 0.778108 	 0.779085 	 0.778595 	 0.779558 
3.080000 	 0.779619 	 0.779044 	 0.778552 	 0.779513 
3.100000 	 0.783839 	 0.778933 	 0.778441 	 0.779399 
3.120000 	 0.781103 	 0.778799 	 0.778310 	 0.779260 
3.140000 	 0.778621 	 0.778742 	 0.778249 	 0.779207 
3.160000 	 0.779504 	 0.778619 	 0.778123 	 0.779087 
3.180000 	 0.780562 	 0.778431 	 0.777935 	 0.778902 
3.200000 	 0.778004 	 0.778086 	 0.777596 	 0.778555 
3.220000 	 0.780652 	 0.777825 	 0.777343 	 0.778301 
3.240000 	 0.775794 	 0.777611 	 0.777128 	 0.778091 
3.260000 	 0.776981 	 0.777634 	 0.777148 	 0.778110 
3.280000 	 0.781282 	 0.777554 	 0.777069 	 0.778026 
3.300000 	 0.780357 	 0.777431 	 0.776948 	 0.777900 
3.320000 	 0.780313 	 0.777249 	 0.776767 	 0.777721 
3.340000 	 0.777452 	 0.777088 	 0.776611 	 0.777561 
3.360000 	 0.778543 	 0.776871 	 0.776395 	 0.777339 
3.380000 	 0.775806 	 0.776581 	 0.776107 	 0.777051 
3.400000 	 0.775156 	 0.776398 	 0.775926 	 0.776864 
3.420000 	 0.778961 	 0.776208 	 0.775740 	 0.776678 
3.440000 	 0.778020 	 0.775908 	 0.775441 	 0.776377 
3.460000 	 0.775529 	 0.775782 	 0.775314 	 0.776248 
3.480000 	 0.774406 	 0.775754 	 0.775292 	 0.776228 
3.500000 	 0.777410 	 0.775650 	 0.775183 	 0.776115 
3.520000 	 0.776795 	 0.775554 	 0.775093 	 0.776023 
3.540000 	 0.778823 	 0.775240 	 0.774777 	 0.775703 
3.560000 	 0.773603 	 0.774902 	 0.774441 	 0.775365 
3.580000 	 0.777396 	 0.774664 	 0.774216 	 0.775132 
3.600000 	 0.775553 	 0.774473 	 0.774030 	 0.774943 
3.620000 	 0.775410 	 0.774273 	 0.773831 	 0.774733 
3.640000 	 0.773800 	 0.774015 	 0.773576 	 0.774468 
3.660000 	 0.775895 	 0.773893 	 0.773458 	 0.774351 
3.680000 	 0.773975 	 0.773745 	 0.773307 	 0.774192 
3.700000 	 0.770976 	 0.773607 	 0.773166 	 0.774057 
3.720000 	 0.775092 	 0.773451 	 0.773013 	 0.773907 
3.740000 	 0.774911 	 0.773261 	 0.772826 	 0.773712 
3.760000 	 0.776052 	 0.773057 	 0.772621 	 0.773512 
3.780000 	 0.776491 	 0.772694 	 0.772263 	 0.773146 
3.800000 	 0.776395 	 0.772299 	 0.771881 	 0.772745 
3.820000 	 0.774510 	 0.772069 	 0.771652 	 0.772513 
3.840000 	 0.774326 	 0.771947 	 0.771530 	 0.772400 
3.860000 	 0.770350 	 0.771800 	 0.771389 	 0.772254 
3.880000 	 0.771603 	 0.771671 	 0.771262 	 0.772127 
3.900000 	 0.770458 	 0.771526 	 0.771119 	 0.771983 
3.920000 	 0.774307 	 0.771267 	 0.770858 	 0.771719 
3.940000 	 0.770469 	 0.771045 	 0.770640 	 0.771496 
3.960000 	 0.772503 	 0.770883 	 0.770481 	 0.771335 
3.980000 	 0.770243 	 0.770572 	 0.770175 	 0.771023 
4.000000 	 0.770359 	 0.770248 	 0.769852 	 0.770689 
4.020000 	 0.767184 	 0.769919 	 0.769524 	 0.770349 
4.040000 	 0.768678 	 0.769700 	 0.769303 	 0.770128 
4.060000 	 0.769425 	 0.769503 	 0.769113 	 0.769933 
4.080000 	 0.770750 	 0.769273 	 0.768886 	 0.769707 
4.100000 	 0.763692 	 0.769185 	 0.768808 	 0.769622 
4.120000 	 0.768843 	 0.769111 	 0.768732 	 0.769550 
4.140000 	 0.767461 	 0.768917 	 0.768540 	 0.769364 
4.160000 	 0.766722 	 0.768677 	 0.768296 	 0.769119 
4.180000 	 0.767638 	 0.768228 	 0.767857 	 0.768670 
4.200000 	 0.766848 	 0.767924 	 0.767554 	 0.768366 
4.220000 	 0.769820 	 0.767683 	 0.767311 	 0.768119 
4.240000 	 0.766491 	 0.767441 	 0.767071 	 0.767878 
4.260000 	 0.767075 	 0.767203 	 0.766836 	 0.767640 
4.280000 	 0.766674 	 0.766986 	 0.766621 	 0.767425 
4.300000 	 0.768139 	 0.766779 	 0.766414 	 0.767216 
4.320000 	 0.766009 	 0.766531 	 0.766167 	 0.766955 
4.340000 	 0.769350 	 0.766436 	 0.766064 	 0.766869 
4.360000 	 0.769497 	 0.766322 	 0.765947 	 0.766757 
4.380000 	 0.763208 	 0.766054 	 0.765683 	 0.766478 
4.400000 	 0.765078 	 0.765761 	 0.765394 	 0.766182 
4.420000 	 0.769231 	 0.765443 	 0.765078 	 0.765859 
4.440000 	 0.761552 	 0.765107 	 0.764744 	 0.765528 
4.460000 	 0.765620 	 0.764772 	 0.764412 	 0.765204 
4.480000 	 0.763929 	 0.764493 	 0.764131 	 0.764926 
4.500000 	 0.762517 	 0.764263 	 0.763901 	 0.764698 
4.520000 	 0.759890 	 0.764174 	 0.763808 	 0.764603 
4.540000 	 0.764466 	 0.764035 	 0.763669 	 0.764469 
4.560000 	 0.760077 	 0.763828 	 0.763462 	 0.764263 
4.580000 	 0.766402 	 0.763558 	 0.763186 	 0.763993 
4.600000 	 0.766330 	 0.763314 	 0.762945 	 0.763748 
4.620000 	 0.761540 	 0.763046 	 0.762672 	 0.763473 
4.640000 	 0.760380 	 0.762912 	 0.762546 	 0.763342 
4.660000 	 0.759473 	 0.762584 	 0.762214 	 0.763008 
4.680000 	 0.768565 	 0.762221 	 0.761843 	 0.762639 
4.700000 	 0.763131 	 0.761961 	 0.761583 	 0.762378 
4.720000 	 0.759557 	 0.761619 	 0.761236 	 0.762031 
4.740000 	 0.757942 	 0.761356 	 0.760971 	 0.761764 
4.760000 	 0.761835 	 0.761137 	 0.760749 	 0.761547 
4.780000 	 0.760749 	 0.761045 	 0.760661 	 0.761455 
4.800000 	 0.758920 	 0.760896 	 0.760513 	 0.761313 
4.820000 	 0.761005 	 0.760670 	 0.760279 	 0.761080 
4.840000 	 0.760451 	 0.760484 	 0.760094 	 0.760899 
4.860000 	 0.760685 	 0.760270 	 0.759879 	 0.760689 
4.880000 	 0.759772 	 0.759950 	 0.759559 	 0.760366 
4.900000 	 0.758954 	 0.759572 	 0.759176 	 0.759981 
4.920000 	 0.758102 	 0.759252 	 0.758855 	 0.759664 
4.940000 	 0.762699 	 0.758996 	 0.758594 	 0.759403 
4.960000 	 0.759513 	 0.758789 	 0.758380 	 0.759196 
4.980000 	 0.761034 	 0.758552 	 0.758141 	 0.758964 
5.000000 	 0.760461 	 0.758289 	 0.757868 	 0.758700 
5.020000 	 0.758917 	 0.757972 	 0.757555 	 0.758383 
5.040000 	 0.758901 	 0.757806 	 0.757381 	 0.758219 
5.060000 	 0.754900 	 0.757660 	 0.757236 	 0.758078 
5.080000 	 0.757866 	 0.757541 	 0.757102 	 0.757967 
5.100000 	 0.759061 	 0.757406 	 0.756960 	 0.757840 
5.120000 	 0.759571 	 0.757129 	 0.756688 	 0.757561 
5.140000 	 0.756894 	 0.756804 	 0.756355 	 0.757228 
5.160000 	 0.758929 	 0.756479 	 0.756031 	 0.756902 
5.180000 	 0.753457 	 0.756151 	 0.755702 	 0.756571 
5.200000 	 0.756118 	 0.755731 	 0.755281 	 0.756155 
5.220000 	 0.751232 	 0.755526 	 0.755072 	 0.755951 
5.240000 	 0.750890 	 0.755334 	 0.754872 	 0.755761 
5.260000 	 0.754141 	 0.755111 	 0.754648 	 0.755543 
5.280000 	 0.753984 	 0.754925 	 0.754459 	 0.755364 
5.300000 	 0.753000 	 0.754760 	 0.754289 	 0.755201 
5.320000 	 0.756827 	 0.754628 	 0.754149 	 0.755071 
5.340000 	 0.758063 	 0.754433 	 0.753947 	 0.754882 
5.360000 	 0.752771 	 0.754104 	 0.753616 	 0.754563 
5.380000 	 0.754763 	 0.753868 	 0.753373 	 0.754331 
5.400000 	 0.753639 	 0.753670 	 0.753170 	 0.754139 
5.420000 	 0.749203 	 0.753417 	 0.752912 	 0.753895 
5.440000 	 0.750380 	 0.753124 	 0.752616 	 0.753607 
5.460000 	 0.752220 	 0.752779 	 0.752273 	 0.753272 
5.480000 	 0.753917 	 0.752401 	 0.751886 	 0.752890 
5.500000 	 0.756173 	 0.752075 	 0.751548 	 0.752581 
5.520000 	 0.755288 	 0.751862 	 0.751341 	 0.752376 
5.540000 	 0.752175 	 0.751755 	 0.751235 	 0.752275 
5.560000 	 0.751907 	 0.751607 	 0.751077 	 0.752132 
5.580000 	 0.752239 	 0.751498 	 0.750952 	 0.752024 
5.600000 	 0.751141 	 0.751320 	 0.750766 	 0.751852 
5.620000 	 0.750133 	 0.751114 	 0.750547 	 0.751651 
5.640000 	 0.753851 	 0.750856 	 0.750282 	 0.751395 
5.660000 	 0.750109 	 0.750595 	 0.750010 	 0.751139 
5.680000 	 0.750821 	 0.750270 	 0.749682 	 0.750827 
5.700000 	 0.750814 	 0.749957 	 0.749361 	 0.750523 
5.720000 	 0.751584 	 0.749676 	 0.749075 	 0.750251 
5.740000 	 0.749180 	 0.749437 	 0.748826 	 0.750023 
5.760000 	 0.748784 	 0.749140 	 0.748521 	 0.749729 
5.780000 	 0.750105 	 0.748877 	 0.748256 	 0.749478 
5.800000 	 0.752520 	 0.748720 	 0.748088 	 0.749332 
5.820000 	 0.749518 	 0.748544 	 0.747905 	 0.749165 
5.840000 	 0.745319 	 0.748248 	 0.747597 	 0.748883 
5.860000 	 0.746143 	 0.748056 	 0.747393 	 0.748701 
5.880000 	 0.745329 	 0.747877 	 0.747205 	 0.748543 
5.900000 	 0.744242 	 0.747804 	 0.747132 	 0.748492 
5.920000 	 0.749388 	 0.747706 	 0.747031 	 0.748406 
5.940000 	 0.746239 	 0.747439 	 0.746749 	 0.748157 
5.960000 	 0.750061 	 0.747088 	 0.746384 	 0.747823 
5.980000 	 0.746713 	 0.746760 	 0.746049 	 0.747500 
6.000000 	 0.744159 	 0.746400 	 0.745683 	 0.747161 
6.020000 	 0.750889 	 0.746089 	 0.745363 	 0.746864 
6.040000 	 0.745866 	 0.745870 	 0.745139 	 0.746666 
6.060000 	 0.744651 	 0.745661 	 0.744919 	 0.746477 
6.080000 	 0.744844 	 0.745449 	 0.744703 	 0.746281 
6.100000 	 0.743175 	 0.745237 	 0.744483 	 0.746086 
6.120000 	 0.741293 	 0.745086 	 0.744323 	 0.745952 
6.140000 	 0.743159 	 0.744920 	 0.744143 	 0.745796 
