0.000000 	 0.996193 	 0.998946 	 0.994486 	 1.003674 
0.020000 	 0.999906 	 0.994449 	 0.991087 	 0.997293 
0.040000 	 0.988919 	 0.989295 	 0.986857 	 0.991605 
0.060000 	 0.982020 	 0.984025 	 0.981905 	 0.986155 
0.080000 	 0.976842 	 0.978796 	 0.976807 	 0.980775 
0.100000 	 0.974659 	 0.973597 	 0.971870 	 0.975460 
0.120000 	 0.969547 	 0.968555 	 0.966783 	 0.970439 
0.140000 	 0.963040 	 0.963632 	 0.961967 	 0.965355 
0.160000 	 0.957156 	 0.958763 	 0.957213 	 0.960425 
0.180000 	 0.950633 	 0.953991 	 0.952525 	 0.955559 
0.200000 	 0.949923 	 0.949318 	 0.947915 	 0.950855 
0.220000 	 0.947542 	 0.944748 	 0.943355 	 0.946238 
0.240000 	 0.941204 	 0.940255 	 0.938873 	 0.941677 
0.260000 	 0.938673 	 0.935845 	 0.934510 	 0.937194 
0.280000 	 0.930124 	 0.931552 	 0.930261 	 0.932817 
0.300000 	 0.929492 	 0.927360 	 0.926091 	 0.928583 
0.320000 	 0.919796 	 0.923243 	 0.922013 	 0.924451 
0.340000 	 0.918889 	 0.919251 	 0.918055 	 0.920421 
0.360000 	 0.910650 	 0.915373 	 0.914199 	 0.916506 
0.380000 	 0.910264 	 0.911581 	 0.910423 	 0.912671 
0.400000 	 0.907005 	 0.907904 	 0.906779 	 0.908949 
0.420000 	 0.905344 	 0.904314 	 0.903251 	 0.905359 
0.440000 	 0.903529 	 0.900860 	 0.899811 	 0.901922 
0.460000 	 0.900232 	 0.897486 	 0.896454 	 0.898528 
0.480000 	 0.895830 	 0.894242 	 0.893208 	 0.895273 
0.500000 	 0.891386 	 0.891105 	 0.890075 	 0.892145 
0.520000 	 0.885711 	 0.888079 	 0.887083 	 0.889101 
0.540000 	 0.885597 	 0.885164 	 0.884184 	 0.886166 
0.560000 	 0.882595 	 0.882308 	 0.881322 	 0.883323 
0.580000 	 0.876334 	 0.879625 	 0.878643 	 0.880612 
0.600000 	 0.880838 	 0.876993 	 0.876025 	 0.877972 
0.620000 	 0.873241 	 0.874455 	 0.873498 	 0.875426 
0.640000 	 0.871682 	 0.872084 	 0.871128 	 0.873001 
0.660000 	 0.868973 	 0.869715 	 0.868778 	 0.870635 
0.680000 	 0.867963 	 0.867503 	 0.866559 	 0.868398 
0.700000 	 0.865178 	 0.865405 	 0.864454 	 0.866274 
0.720000 	 0.865923 	 0.863305 	 0.862383 	 0.864181 
0.740000 	 0.861672 	 0.861407 	 0.860476 	 0.862255 
0.760000 	 0.854336 	 0.859556 	 0.858627 	 0.860364 
0.780000 	 0.858956 	 0.857741 	 0.856827 	 0.858542 
0.800000 	 0.854236 	 0.856041 	 0.855152 	 0.856841 
0.820000 	 0.860068 	 0.854473 	 0.853576 	 0.855246 
0.840000 	 0.858740 	 0.852877 	 0.852010 	 0.853647 
0.860000 	 0.847826 	 0.851420 	 0.850557 	 0.852178 
0.880000 	 0.850581 	 0.850052 	 0.849215 	 0.850809 
0.900000 	 0.842179 	 0.848723 	 0.847906 	 0.849479 
0.920000 	 0.848171 	 0.847421 	 0.846623 	 0.848179 
0.940000 	 0.849264 	 0.846281 	 0.845498 	 0.847039 
0.960000 	 0.846852 	 0.845167 	 0.844380 	 0.845916 
0.980000 	 0.844277 	 0.844096 	 0.843318 	 0.844843 
1.000000 	 0.842721 	 0.843058 	 0.842287 	 0.843803 
1.020000 	 0.844265 	 0.842150 	 0.841386 	 0.842905 
1.040000 	 0.841333 	 0.841286 	 0.840514 	 0.842044 
1.060000 	 0.840908 	 0.840402 	 0.839647 	 0.841153 
1.080000 	 0.838153 	 0.839624 	 0.838869 	 0.840370 
1.100000 	 0.840911 	 0.838921 	 0.838167 	 0.839670 
1.120000 	 0.835353 	 0.838263 	 0.837518 	 0.839025 
1.140000 	 0.837021 	 0.837556 	 0.836821 	 0.838312 
1.160000 	 0.833944 	 0.836946 	 0.836220 	 0.837702 
1.180000 	 0.837505 	 0.836445 	 0.835721 	 0.837207 
1.200000 	 0.834089 	 0.835923 	 0.835198 	 0.836692 
1.220000 	 0.830258 	 0.835444 	 0.834710 	 0.836205 
1.240000 	 0.836896 	 0.834946 	 0.834210 	 0.835705 
1.260000 	 0.837153 	 0.834568 	 0.833821 	 0.835319 
1.280000 	 0.831137 	 0.834241 	 0.833489 	 0.834985 
1.300000 	 0.837055 	 0.833888 	 0.833139 	 0.834626 
1.320000 	 0.831866 	 0.833532 	 0.832785 	 0.834263 
1.340000 	 0.832252 	 0.833263 	 0.832523 	 0.833998 
1.360000 	 0.832547 	 0.833004 	 0.832262 	 0.833718 
1.380000 	 0.835121 	 0.832831 	 0.832084 	 0.833557 
1.400000 	 0.829482 	 0.832610 	 0.831864 	 0.833319 
1.420000 	 0.830544 	 0.832374 	 0.831622 	 0.833094 
1.440000 	 0.837277 	 0.832217 	 0.831479 	 0.832934 
1.460000 	 0.832547 	 0.832105 	 0.831381 	 0.832813 
1.480000 	 0.825818 	 0.832017 	 0.831306 	 0.832721 
1.500000 	 0.827280 	 0.831902 	 0.831187 	 0.832597 
1.520000 	 0.830201 	 0.831794 	 0.831078 	 0.832494 
1.540000 	 0.831886 	 0.831679 	 0.830953 	 0.832377 
1.560000 	 0.830651 	 0.831691 	 0.830984 	 0.832383 
1.580000 	 0.834644 	 0.831693 	 0.830992 	 0.832390 
1.600000 	 0.830836 	 0.831649 	 0.830953 	 0.832346 
1.620000 	 0.827765 	 0.831612 	 0.830910 	 0.832301 
1.640000 	 0.833891 	 0.831605 	 0.830916 	 0.832288 
1.660000 	 0.829599 	 0.831633 	 0.830942 	 0.832304 
1.680000 	 0.834175 	 0.831694 	 0.831009 	 0.832363 
1.700000 	 0.831856 	 0.831769 	 0.831101 	 0.832436 
1.720000 	 0.829428 	 0.831782 	 0.831113 	 0.832447 
1.740000 	 0.827049 	 0.831791 	 0.831099 	 0.832437 
1.760000 	 0.835572 	 0.831876 	 0.831191 	 0.832523 
1.780000 	 0.832182 	 0.831973 	 0.831299 	 0.832607 
1.800000 	 0.826929 	 0.832077 	 0.831417 	 0.832706 
1.820000 	 0.827810 	 0.832177 	 0.831513 	 0.832813 
1.840000 	 0.829518 	 0.832255 	 0.831595 	 0.832879 
1.860000 	 0.829813 	 0.832320 	 0.831666 	 0.832927 
1.880000 	 0.835508 	 0.832408 	 0.831745 	 0.833010 
1.900000 	 0.829098 	 0.832540 	 0.831888 	 0.833154 
1.920000 	 0.832841 	 0.832717 	 0.832068 	 0.833336 
1.940000 	 0.833299 	 0.832813 	 0.832152 	 0.833431 
1.960000 	 0.836290 	 0.832920 	 0.832266 	 0.833537 
1.980000 	 0.832698 	 0.833021 	 0.832365 	 0.833634 
2.000000 	 0.832729 	 0.833123 	 0.832479 	 0.833729 
2.020000 	 0.838285 	 0.833251 	 0.832601 	 0.833851 
2.040000 	 0.833328 	 0.833423 	 0.832767 	 0.834037 
2.060000 	 0.832884 	 0.833594 	 0.832941 	 0.834211 
2.080000 	 0.833571 	 0.833727 	 0.833085 	 0.834349 
2.100000 	 0.832826 	 0.833795 	 0.833149 	 0.834407 
2.120000 	 0.838571 	 0.833896 	 0.833240 	 0.834502 
2.140000 	 0.829430 	 0.834052 	 0.833396 	 0.834656 
2.160000 	 0.835521 	 0.834222 	 0.833569 	 0.834830 
2.180000 	 0.833858 	 0.834368 	 0.833731 	 0.834982 
2.200000 	 0.834825 	 0.834542 	 0.833903 	 0.835154 
2.220000 	 0.833699 	 0.834661 	 0.834032 	 0.835277 
2.240000 	 0.832437 	 0.834748 	 0.834123 	 0.835366 
2.260000 	 0.835759 	 0.834833 	 0.834208 	 0.835431 
2.280000 	 0.835241 	 0.834973 	 0.834359 	 0.835564 
2.300000 	 0.836584 	 0.835155 	 0.834547 	 0.835750 
2.320000 	 0.833473 	 0.835338 	 0.834749 	 0.835945 
2.340000 	 0.834989 	 0.835460 	 0.834869 	 0.836066 
2.360000 	 0.836039 	 0.835539 	 0.834946 	 0.836126 
2.380000 	 0.835389 	 0.835645 	 0.835064 	 0.836222 
2.400000 	 0.837881 	 0.835760 	 0.835190 	 0.836337 
2.420000 	 0.833583 	 0.835850 	 0.835273 	 0.836412 
2.440000 	 0.837482 	 0.835993 	 0.835420 	 0.836563 
2.460000 	 0.841024 	 0.836169 	 0.835614 	 0.836744 
2.480000 	 0.833925 	 0.836303 	 0.835737 	 0.836882 
2.500000 	 0.833132 	 0.836407 	 0.835845 	 0.836991 
2.520000 	 0.833990 	 0.836473 	 0.835913 	 0.837057 
2.540000 	 0.838493 	 0.836529 	 0.835974 	 0.837105 
2.560000 	 0.835322 	 0.836636 	 0.836083 	 0.837208 
2.580000 	 0.836044 	 0.836760 	 0.836207 	 0.837329 
2.600000 	 0.838065 	 0.836884 	 0.836326 	 0.837452 
2.620000 	 0.840415 	 0.836978 	 0.836422 	 0.837565 
2.640000 	 0.835230 	 0.837100 	 0.836532 	 0.837696 
2.660000 	 0.832502 	 0.837211 	 0.836637 	 0.837809 
2.680000 	 0.837849 	 0.837248 	 0.836695 	 0.837844 
2.700000 	 0.837610 	 0.837260 	 0.836714 	 0.837850 
2.720000 	 0.841810 	 0.837334 	 0.836789 	 0.837926 
2.740000 	 0.838409 	 0.837441 	 0.836891 	 0.838034 
2.760000 	 0.836009 	 0.837542 	 0.836983 	 0.838133 
2.780000 	 0.834320 	 0.837668 	 0.837107 	 0.838247 
2.800000 	 0.837825 	 0.837723 	 0.837162 	 0.838301 
2.820000 	 0.836912 	 0.837778 	 0.837212 	 0.838350 
2.840000 	 0.839379 	 0.837808 	 0.837251 	 0.838380 
2.860000 	 0.838259 	 0.837846 	 0.837291 	 0.838411 
2.880000 	 0.838082 	 0.837871 	 0.837319 	 0.838438 
2.900000 	 0.837940 	 0.837902 	 0.837347 	 0.838479 
2.920000 	 0.835569 	 0.837970 	 0.837414 	 0.838539 
2.940000 	 0.838436 	 0.838086 	 0.837534 	 0.838669 
2.960000 	 0.841815 	 0.838169 	 0.837628 	 0.838767 
2.980000 	 0.839642 	 0.838193 	 0.837644 	 0.838795 
3.000000 	 0.840300 	 0.838176 	 0.837623 	 0.838771 
3.020000 	 0.838021 	 0.838166 	 0.837626 	 0.838751 
3.040000 	 0.839392 	 0.838174 	 0.837640 	 0.838758 
3.060000 	 0.840631 	 0.838187 	 0.837656 	 0.838767 
3.080000 	 0.838600 	 0.838249 	 0.837710 	 0.838837 
3.100000 	 0.837689 	 0.838292 	 0.837751 	 0.838876 
3.120000 	 0.843295 	 0.838320 	 0.837783 	 0.838917 
3.140000 	 0.833725 	 0.838369 	 0.837834 	 0.838964 
3.160000 	 0.837499 	 0.838391 	 0.837855 	 0.838986 
3.180000 	 0.839301 	 0.838379 	 0.837843 	 0.838976 
3.200000 	 0.839559 	 0.838310 	 0.837782 	 0.838900 
3.220000 	 0.840044 	 0.838267 	 0.837731 	 0.838856 
3.240000 	 0.839087 	 0.838250 	 0.837709 	 0.838837 
3.260000 	 0.837050 	 0.838311 	 0.837774 	 0.838899 
3.280000 	 0.838543 	 0.838345 	 0.837803 	 0.838927 
3.300000 	 0.839575 	 0.838357 	 0.837813 	 0.838935 
3.320000 	 0.846254 	 0.838342 	 0.837803 	 0.838922 
3.340000 	 0.835844 	 0.838329 	 0.837784 	 0.838901 
3.360000 	 0.837074 	 0.838288 	 0.837746 	 0.838861 
3.380000 	 0.841348 	 0.838222 	 0.837689 	 0.838785 
3.400000 	 0.837406 	 0.838185 	 0.837651 	 0.838734 
3.420000 	 0.837941 	 0.838153 	 0.837620 	 0.838702 
3.440000 	 0.835146 	 0.838085 	 0.837562 	 0.838636 
3.460000 	 0.842030 	 0.838078 	 0.837548 	 0.838629 
3.480000 	 0.839800 	 0.838110 	 0.837576 	 0.838667 
3.500000 	 0.839546 	 0.838114 	 0.837585 	 0.838673 
3.520000 	 0.836268 	 0.838106 	 0.837575 	 0.838663 
3.540000 	 0.839529 	 0.838020 	 0.837494 	 0.838562 
3.560000 	 0.842610 	 0.837914 	 0.837399 	 0.838451 
3.580000 	 0.839024 	 0.837846 	 0.837335 	 0.838380 
3.600000 	 0.838228 	 0.837797 	 0.837288 	 0.838324 
3.620000 	 0.839784 	 0.837747 	 0.837236 	 0.838268 
3.640000 	 0.837475 	 0.837677 	 0.837169 	 0.838186 
3.660000 	 0.836937 	 0.837655 	 0.837145 	 0.838154 
3.680000 	 0.836886 	 0.837628 	 0.837120 	 0.838127 
3.700000 	 0.843670 	 0.837599 	 0.837094 	 0.838100 
3.720000 	 0.836446 	 0.837561 	 0.837061 	 0.838060 
3.740000 	 0.845077 	 0.837506 	 0.837011 	 0.838001 
3.760000 	 0.834313 	 0.837434 	 0.836951 	 0.837925 
3.780000 	 0.843409 	 0.837308 	 0.836827 	 0.837788 
3.800000 	 0.836761 	 0.837168 	 0.836688 	 0.837645 
3.820000 	 0.836647 	 0.837088 	 0.836616 	 0.837567 
3.840000 	 0.831545 	 0.837051 	 0.836584 	 0.837526 
3.860000 	 0.836723 	 0.837014 	 0.836554 	 0.837490 
3.880000 	 0.842047 	 0.836984 	 0.836522 	 0.837464 
3.900000 	 0.837334 	 0.836940 	 0.836481 	 0.837418 
3.920000 	 0.840989 	 0.836853 	 0.836395 	 0.837325 
3.940000 	 0.836341 	 0.836777 	 0.836321 	 0.837248 
3.960000 	 0.836399 	 0.836716 	 0.836257 	 0.837192 
3.980000 	 0.839569 	 0.836603 	 0.836142 	 0.837071 
4.000000 	 0.838471 	 0.836475 	 0.836019 	 0.836939 
4.020000 	 0.838146 	 0.836349 	 0.835895 	 0.836814 
4.040000 	 0.837967 	 0.836264 	 0.835806 	 0.836724 
4.060000 	 0.837694 	 0.836189 	 0.835735 	 0.836653 
4.080000 	 0.842693 	 0.836118 	 0.835665 	 0.836580 
4.100000 	 0.839270 	 0.836092 	 0.835629 	 0.836549 
4.120000 	 0.834102 	 0.836070 	 0.835599 	 0.836530 
4.140000 	 0.835596 	 0.836007 	 0.835530 	 0.836460 
4.160000 	 0.836104 	 0.835903 	 0.835424 	 0.836361 
4.180000 	 0.834972 	 0.835731 	 0.835273 	 0.836179 
4.200000 	 0.837493 	 0.835603 	 0.835142 	 0.836051 
4.220000 	 0.832828 	 0.835505 	 0.835035 	 0.835951 
4.240000 	 0.840046 	 0.835411 	 0.834934 	 0.835860 
4.260000 	 0.839459 	 0.835319 	 0.834844 	 0.835766 
4.280000 	 0.835816 	 0.835236 	 0.834760 	 0.835686 
4.300000 	 0.831763 	 0.835158 	 0.834678 	 0.835607 
4.320000 	 0.835842 	 0.835074 	 0.834599 	 0.835521 
4.340000 	 0.840879 	 0.835036 	 0.834562 	 0.835489 
4.360000 	 0.836510 	 0.834991 	 0.834508 	 0.835452 
4.380000 	 0.834841 	 0.834891 	 0.834407 	 0.835350 
4.400000 	 0.829407 	 0.834773 	 0.834289 	 0.835226 
4.420000 	 0.832777 	 0.834642 	 0.834156 	 0.835089 
4.440000 	 0.832920 	 0.834503 	 0.834016 	 0.834955 
4.460000 	 0.834558 	 0.834368 	 0.833879 	 0.834819 
4.480000 	 0.834886 	 0.834251 	 0.833765 	 0.834702 
4.500000 	 0.834647 	 0.834167 	 0.833674 	 0.834618 
4.520000 	 0.835089 	 0.834138 	 0.833637 	 0.834597 
4.540000 	 0.836014 	 0.834087 	 0.833590 	 0.834549 
4.560000 	 0.829720 	 0.834012 	 0.833507 	 0.834473 
4.580000 	 0.839278 	 0.833908 	 0.833402 	 0.834374 
4.600000 	 0.831178 	 0.833816 	 0.833305 	 0.834276 
4.620000 	 0.830375 	 0.833713 	 0.833200 	 0.834177 
4.640000 	 0.827428 	 0.833646 	 0.833131 	 0.834119 
4.660000 	 0.832643 	 0.833520 	 0.833009 	 0.833989 
4.680000 	 0.836161 	 0.833374 	 0.832867 	 0.833848 
4.700000 	 0.830831 	 0.833254 	 0.832739 	 0.833741 
4.720000 	 0.828601 	 0.833120 	 0.832603 	 0.833606 
4.740000 	 0.829319 	 0.833012 	 0.832495 	 0.833503 
4.760000 	 0.830727 	 0.832938 	 0.832414 	 0.833426 
4.780000 	 0.830711 	 0.832911 	 0.832382 	 0.833398 
4.800000 	 0.832013 	 0.832861 	 0.832325 	 0.833357 
4.820000 	 0.830293 	 0.832786 	 0.832249 	 0.833281 
4.840000 	 0.836246 	 0.832719 	 0.832179 	 0.833217 
4.860000 	 0.832223 	 0.832636 	 0.832095 	 0.833138 
4.880000 	 0.827986 	 0.832509 	 0.831954 	 0.833019 
4.900000 	 0.829739 	 0.832352 	 0.831802 	 0.832875 
4.920000 	 0.826944 	 0.832222 	 0.831672 	 0.832752 
4.940000 	 0.829960 	 0.832116 	 0.831566 	 0.832658 
4.960000 	 0.830680 	 0.832039 	 0.831477 	 0.832581 
4.980000 	 0.831802 	 0.831949 	 0.831385 	 0.832490 
5.000000 	 0.831392 	 0.831847 	 0.831274 	 0.832390 
5.020000 	 0.831173 	 0.831735 	 0.831168 	 0.832282 
5.040000 	 0.829452 	 0.831676 	 0.831103 	 0.832228 
5.060000 	 0.833235 	 0.831630 	 0.831058 	 0.832203 
5.080000 	 0.832312 	 0.831601 	 0.831021 	 0.832179 
5.100000 	 0.831507 	 0.831556 	 0.830964 	 0.832138 
5.120000 	 0.831975 	 0.831458 	 0.830864 	 0.832045 
5.140000 	 0.829023 	 0.831330 	 0.830739 	 0.831921 
5.160000 	 0.831265 	 0.831201 	 0.830606 	 0.831800 
5.180000 	 0.829764 	 0.831067 	 0.830456 	 0.831669 
5.200000 	 0.833234 	 0.830913 	 0.830300 	 0.831522 
5.220000 	 0.832297 	 0.830832 	 0.830210 	 0.831453 
5.240000 	 0.830572 	 0.830766 	 0.830135 	 0.831390 
5.260000 	 0.829468 	 0.830693 	 0.830059 	 0.831322 
5.280000 	 0.830076 	 0.830636 	 0.830004 	 0.831269 
5.300000 	 0.833216 	 0.830591 	 0.829944 	 0.831229 
5.320000 	 0.825989 	 0.830557 	 0.829898 	 0.831203 
5.340000 	 0.829683 	 0.830492 	 0.829835 	 0.831147 
5.360000 	 0.830881 	 0.830379 	 0.829719 	 0.831029 
5.380000 	 0.828701 	 0.830299 	 0.829629 	 0.830956 
5.400000 	 0.829172 	 0.830228 	 0.829557 	 0.830905 
5.420000 	 0.831094 	 0.830137 	 0.829454 	 0.830824 
5.440000 	 0.828069 	 0.830027 	 0.829331 	 0.830720 
5.460000 	 0.828276 	 0.829900 	 0.829198 	 0.830596 
5.480000 	 0.828746 	 0.829758 	 0.829076 	 0.830463 
5.500000 	 0.830870 	 0.829644 	 0.828959 	 0.830348 
5.520000 	 0.828266 	 0.829578 	 0.828884 	 0.830287 
5.540000 	 0.828384 	 0.829554 	 0.828856 	 0.830274 
5.560000 	 0.827258 	 0.829526 	 0.828815 	 0.830248 
5.580000 	 0.830306 	 0.829502 	 0.828781 	 0.830233 
5.600000 	 0.833234 	 0.829456 	 0.828729 	 0.830196 
5.620000 	 0.825850 	 0.829397 	 0.828656 	 0.830141 
5.640000 	 0.829761 	 0.829317 	 0.828556 	 0.830062 
5.660000 	 0.832318 	 0.829225 	 0.828447 	 0.829976 
5.680000 	 0.830357 	 0.829111 	 0.828329 	 0.829868 
5.700000 	 0.830986 	 0.828995 	 0.828212 	 0.829767 
5.720000 	 0.832778 	 0.828901 	 0.828103 	 0.829685 
5.740000 	 0.828354 	 0.828821 	 0.828007 	 0.829612 
5.760000 	 0.831173 	 0.828721 	 0.827902 	 0.829536 
5.780000 	 0.828463 	 0.828643 	 0.827824 	 0.829466 
