0.000000 	 1.005333 	 1.007690 	 1.005670 	 1.009941 
0.012000 	 1.000056 	 0.996310 	 0.995105 	 0.997347 
0.024000 	 0.990467 	 0.987852 	 0.986809 	 0.988731 
0.036000 	 0.984224 	 0.980300 	 0.979363 	 0.981090 
0.048000 	 0.975931 	 0.973356 	 0.972492 	 0.974117 
0.060000 	 0.969494 	 0.967068 	 0.966255 	 0.967793 
0.072000 	 0.963175 	 0.961149 	 0.960356 	 0.961806 
0.084000 	 0.957396 	 0.955576 	 0.954820 	 0.956210 
0.096000 	 0.949760 	 0.950476 	 0.949780 	 0.951098 
0.108000 	 0.948204 	 0.945642 	 0.945001 	 0.946246 
0.120000 	 0.942876 	 0.941135 	 0.940515 	 0.941711 
0.132000 	 0.937496 	 0.936774 	 0.936196 	 0.937350 
0.144000 	 0.934309 	 0.932722 	 0.932168 	 0.933281 
0.156000 	 0.928725 	 0.928990 	 0.928476 	 0.929533 
0.168000 	 0.925595 	 0.925334 	 0.924850 	 0.925863 
0.180000 	 0.923769 	 0.921961 	 0.921507 	 0.922454 
0.192000 	 0.921117 	 0.918715 	 0.918281 	 0.919182 
0.204000 	 0.915891 	 0.915646 	 0.915235 	 0.916087 
0.216000 	 0.913642 	 0.912800 	 0.912412 	 0.913222 
0.228000 	 0.911988 	 0.910037 	 0.909667 	 0.910454 
0.240000 	 0.908593 	 0.907512 	 0.907151 	 0.907903 
0.252000 	 0.905873 	 0.904955 	 0.904601 	 0.905332 
0.264000 	 0.901321 	 0.902559 	 0.902212 	 0.902918 
0.276000 	 0.899928 	 0.900465 	 0.900113 	 0.900813 
0.288000 	 0.896945 	 0.898159 	 0.897809 	 0.898508 
0.300000 	 0.894570 	 0.896249 	 0.895889 	 0.896599 
0.312000 	 0.892526 	 0.894259 	 0.893894 	 0.894612 
0.324000 	 0.892193 	 0.892375 	 0.892012 	 0.892730 
0.336000 	 0.889435 	 0.890745 	 0.890373 	 0.891104 
0.348000 	 0.887852 	 0.889021 	 0.888648 	 0.889386 
0.360000 	 0.887821 	 0.887383 	 0.887010 	 0.887746 
0.372000 	 0.882945 	 0.885995 	 0.885615 	 0.886364 
0.384000 	 0.885232 	 0.884376 	 0.884007 	 0.884752 
0.396000 	 0.883033 	 0.883076 	 0.882700 	 0.883451 
0.408000 	 0.881144 	 0.881833 	 0.881459 	 0.882209 
0.420000 	 0.880142 	 0.880466 	 0.880096 	 0.880848 
0.432000 	 0.878339 	 0.879201 	 0.878833 	 0.879586 
0.444000 	 0.876247 	 0.878243 	 0.877870 	 0.878632 
0.456000 	 0.875179 	 0.877050 	 0.876684 	 0.877433 
0.468000 	 0.877229 	 0.875992 	 0.875625 	 0.876376 
0.480000 	 0.872705 	 0.875018 	 0.874651 	 0.875402 
0.492000 	 0.870781 	 0.874185 	 0.873815 	 0.874573 
0.504000 	 0.872346 	 0.873156 	 0.872791 	 0.873538 
0.516000 	 0.871985 	 0.872300 	 0.871939 	 0.872685 
0.528000 	 0.868666 	 0.871553 	 0.871194 	 0.871939 
0.540000 	 0.869611 	 0.870787 	 0.870431 	 0.871172 
0.552000 	 0.869349 	 0.869950 	 0.869597 	 0.870327 
0.564000 	 0.867499 	 0.869179 	 0.868827 	 0.869547 
0.576000 	 0.867539 	 0.868625 	 0.868277 	 0.868996 
0.588000 	 0.866680 	 0.868039 	 0.867694 	 0.868409 
0.600000 	 0.867162 	 0.867323 	 0.866983 	 0.867681 
0.612000 	 0.866199 	 0.866664 	 0.866328 	 0.867016 
0.624000 	 0.865783 	 0.866119 	 0.865786 	 0.866467 
0.636000 	 0.864286 	 0.865797 	 0.865460 	 0.866157 
0.648000 	 0.864612 	 0.865143 	 0.864813 	 0.865493 
0.660000 	 0.862262 	 0.864565 	 0.864238 	 0.864906 
0.672000 	 0.864702 	 0.864085 	 0.863758 	 0.864422 
0.684000 	 0.861783 	 0.863734 	 0.863412 	 0.864081 
0.696000 	 0.862997 	 0.863380 	 0.863058 	 0.863724 
0.708000 	 0.860659 	 0.862947 	 0.862629 	 0.863289 
0.720000 	 0.860847 	 0.862356 	 0.862042 	 0.862684 
0.732000 	 0.861127 	 0.862038 	 0.861730 	 0.862368 
0.744000 	 0.861282 	 0.861879 	 0.861564 	 0.862208 
0.756000 	 0.861713 	 0.861528 	 0.861220 	 0.861854 
0.768000 	 0.858751 	 0.861166 	 0.860865 	 0.861491 
0.780000 	 0.860365 	 0.860741 	 0.860442 	 0.861059 
0.792000 	 0.861391 	 0.860459 	 0.860159 	 0.860772 
0.804000 	 0.859292 	 0.860258 	 0.859957 	 0.860566 
0.816000 	 0.859348 	 0.860155 	 0.859864 	 0.860466 
0.828000 	 0.859969 	 0.859788 	 0.859498 	 0.860092 
0.840000 	 0.858993 	 0.859423 	 0.859133 	 0.859722 
0.852000 	 0.858265 	 0.859262 	 0.858976 	 0.859559 
0.864000 	 0.858048 	 0.859023 	 0.858744 	 0.859320 
0.876000 	 0.857116 	 0.858975 	 0.858695 	 0.859267 
0.888000 	 0.858771 	 0.858769 	 0.858495 	 0.859059 
0.900000 	 0.858255 	 0.858572 	 0.858299 	 0.858858 
0.912000 	 0.858493 	 0.858277 	 0.858009 	 0.858562 
0.924000 	 0.856808 	 0.858020 	 0.857754 	 0.858302 
0.936000 	 0.855906 	 0.858047 	 0.857779 	 0.858326 
0.948000 	 0.856906 	 0.857925 	 0.857658 	 0.858200 
0.960000 	 0.858169 	 0.857770 	 0.857504 	 0.858039 
0.972000 	 0.856736 	 0.857658 	 0.857398 	 0.857925 
0.984000 	 0.855916 	 0.857465 	 0.857211 	 0.857729 
0.996000 	 0.858263 	 0.857200 	 0.856945 	 0.857460 
1.008000 	 0.856431 	 0.857192 	 0.856938 	 0.857447 
1.020000 	 0.856639 	 0.857142 	 0.856887 	 0.857398 
1.032000 	 0.856541 	 0.857237 	 0.856995 	 0.857498 
1.044000 	 0.858439 	 0.857017 	 0.856767 	 0.857272 
1.056000 	 0.856618 	 0.856763 	 0.856511 	 0.857011 
1.068000 	 0.856555 	 0.856699 	 0.856451 	 0.856945 
1.080000 	 0.855721 	 0.856606 	 0.856359 	 0.856846 
1.092000 	 0.857462 	 0.856566 	 0.856317 	 0.856803 
1.104000 	 0.855948 	 0.856616 	 0.856373 	 0.856853 
1.116000 	 0.855749 	 0.856664 	 0.856422 	 0.856903 
1.128000 	 0.855116 	 0.856487 	 0.856242 	 0.856722 
1.140000 	 0.857086 	 0.856267 	 0.856022 	 0.856502 
1.152000 	 0.857805 	 0.856223 	 0.855981 	 0.856457 
1.164000 	 0.855639 	 0.856143 	 0.855902 	 0.856374 
1.176000 	 0.856155 	 0.856276 	 0.856037 	 0.856504 
1.188000 	 0.855857 	 0.856250 	 0.856015 	 0.856480 
1.200000 	 0.856481 	 0.856172 	 0.855943 	 0.856404 
1.212000 	 0.856494 	 0.856132 	 0.855905 	 0.856366 
1.224000 	 0.855344 	 0.856103 	 0.855875 	 0.856337 
1.236000 	 0.855480 	 0.855877 	 0.855652 	 0.856102 
1.248000 	 0.855272 	 0.855838 	 0.855613 	 0.856063 
1.260000 	 0.855844 	 0.855890 	 0.855664 	 0.856116 
1.272000 	 0.854933 	 0.856047 	 0.855824 	 0.856273 
1.284000 	 0.855495 	 0.856038 	 0.855815 	 0.856261 
1.296000 	 0.855897 	 0.855955 	 0.855734 	 0.856177 
1.308000 	 0.856055 	 0.855881 	 0.855660 	 0.856103 
1.320000 	 0.854921 	 0.855746 	 0.855525 	 0.855969 
1.332000 	 0.855756 	 0.855750 	 0.855530 	 0.855969 
1.344000 	 0.853372 	 0.855794 	 0.855576 	 0.856012 
1.356000 	 0.854833 	 0.855698 	 0.855477 	 0.855917 
1.368000 	 0.854603 	 0.855785 	 0.855567 	 0.856002 
1.380000 	 0.854683 	 0.855946 	 0.855730 	 0.856160 
1.392000 	 0.857486 	 0.855960 	 0.855745 	 0.856172 
1.404000 	 0.854495 	 0.855788 	 0.855575 	 0.856000 
1.416000 	 0.855811 	 0.855650 	 0.855431 	 0.855861 
1.428000 	 0.856255 	 0.855605 	 0.855385 	 0.855815 
1.440000 	 0.854267 	 0.855667 	 0.855451 	 0.855876 
1.452000 	 0.854447 	 0.855720 	 0.855507 	 0.855929 
1.464000 	 0.855838 	 0.855762 	 0.855548 	 0.855969 
1.476000 	 0.857089 	 0.855842 	 0.855625 	 0.856045 
1.488000 	 0.855484 	 0.855802 	 0.855584 	 0.856004 
1.500000 	 0.855924 	 0.855774 	 0.855555 	 0.855975 
1.512000 	 0.855814 	 0.855788 	 0.855572 	 0.855989 
1.524000 	 0.854357 	 0.855634 	 0.855412 	 0.855835 
1.536000 	 0.855405 	 0.855484 	 0.855258 	 0.855683 
1.548000 	 0.855945 	 0.855592 	 0.855369 	 0.855791 
1.560000 	 0.856326 	 0.855747 	 0.855529 	 0.855944 
1.572000 	 0.857266 	 0.855859 	 0.855641 	 0.856053 
1.584000 	 0.855863 	 0.855856 	 0.855638 	 0.856050 
1.596000 	 0.855270 	 0.855795 	 0.855575 	 0.855988 
1.608000 	 0.854993 	 0.855722 	 0.855503 	 0.855914 
1.620000 	 0.856982 	 0.855677 	 0.855459 	 0.855870 
1.632000 	 0.855678 	 0.855635 	 0.855420 	 0.855831 
1.644000 	 0.856775 	 0.855633 	 0.855419 	 0.855827 
1.656000 	 0.856806 	 0.855605 	 0.855391 	 0.855797 
1.668000 	 0.857807 	 0.855747 	 0.855536 	 0.855941 
1.680000 	 0.857559 	 0.855762 	 0.855554 	 0.855955 
1.692000 	 0.856012 	 0.855857 	 0.855649 	 0.856051 
1.704000 	 0.856318 	 0.855954 	 0.855744 	 0.856144 
1.716000 	 0.858153 	 0.855857 	 0.855647 	 0.856050 
1.728000 	 0.858602 	 0.855635 	 0.855427 	 0.855823 
1.740000 	 0.857057 	 0.855572 	 0.855365 	 0.855760 
1.752000 	 0.856876 	 0.855652 	 0.855446 	 0.855842 
1.764000 	 0.856660 	 0.855664 	 0.855459 	 0.855855 
1.776000 	 0.855502 	 0.855716 	 0.855512 	 0.855908 
1.788000 	 0.856354 	 0.855803 	 0.855597 	 0.855994 
1.800000 	 0.854164 	 0.855795 	 0.855589 	 0.855986 
1.812000 	 0.856133 	 0.855863 	 0.855661 	 0.856054 
1.824000 	 0.856602 	 0.855851 	 0.855650 	 0.856040 
1.836000 	 0.856800 	 0.855796 	 0.855596 	 0.855987 
1.848000 	 0.855179 	 0.855746 	 0.855547 	 0.855937 
1.860000 	 0.857278 	 0.855672 	 0.855472 	 0.855862 
1.872000 	 0.857302 	 0.855554 	 0.855356 	 0.855743 
1.884000 	 0.856009 	 0.855608 	 0.855408 	 0.855797 
1.896000 	 0.855329 	 0.855582 	 0.855385 	 0.855773 
1.908000 	 0.858675 	 0.855833 	 0.855635 	 0.856017 
1.920000 	 0.857207 	 0.855948 	 0.855754 	 0.856130 
1.932000 	 0.856560 	 0.855847 	 0.855653 	 0.856034 
1.944000 	 0.855182 	 0.855785 	 0.855592 	 0.855971 
1.956000 	 0.856460 	 0.855738 	 0.855546 	 0.855926 
1.968000 	 0.856910 	 0.855769 	 0.855577 	 0.855955 
1.980000 	 0.855790 	 0.855688 	 0.855496 	 0.855876 
1.992000 	 0.856397 	 0.855606 	 0.855415 	 0.855793 
2.004000 	 0.855830 	 0.855591 	 0.855402 	 0.855780 
2.016000 	 0.855174 	 0.855578 	 0.855391 	 0.855768 
2.028000 	 0.856081 	 0.855637 	 0.855450 	 0.855824 
2.040000 	 0.854860 	 0.855732 	 0.855546 	 0.855918 
2.052000 	 0.854540 	 0.855821 	 0.855636 	 0.856004 
2.064000 	 0.856737 	 0.855850 	 0.855665 	 0.856031 
2.076000 	 0.855197 	 0.855889 	 0.855704 	 0.856066 
2.088000 	 0.856614 	 0.855755 	 0.855574 	 0.855937 
2.100000 	 0.854758 	 0.855611 	 0.855428 	 0.855793 
2.112000 	 0.854703 	 0.855468 	 0.855284 	 0.855653 
2.124000 	 0.856032 	 0.855450 	 0.855266 	 0.855633 
2.136000 	 0.855160 	 0.855501 	 0.855318 	 0.855682 
2.148000 	 0.855434 	 0.855652 	 0.855473 	 0.855831 
2.160000 	 0.855910 	 0.855642 	 0.855463 	 0.855819 
2.172000 	 0.854772 	 0.855535 	 0.855352 	 0.855715 
2.184000 	 0.855125 	 0.855685 	 0.855509 	 0.855863 
2.196000 	 0.856811 	 0.855746 	 0.855567 	 0.855923 
2.208000 	 0.855515 	 0.855768 	 0.855588 	 0.855942 
2.220000 	 0.855270 	 0.855669 	 0.855492 	 0.855846 
2.232000 	 0.855063 	 0.855567 	 0.855389 	 0.855744 
2.244000 	 0.856054 	 0.855469 	 0.855291 	 0.855646 
2.256000 	 0.854985 	 0.855376 	 0.855199 	 0.855553 
2.268000 	 0.856476 	 0.855308 	 0.855133 	 0.855487 
2.280000 	 0.855836 	 0.855328 	 0.855152 	 0.855508 
2.292000 	 0.855715 	 0.855422 	 0.855244 	 0.855599 
2.304000 	 0.854911 	 0.855502 	 0.855327 	 0.855679 
2.316000 	 0.857122 	 0.855609 	 0.855428 	 0.855780 
2.328000 	 0.855796 	 0.855657 	 0.855477 	 0.855827 
2.340000 	 0.854192 	 0.855572 	 0.855391 	 0.855745 
2.352000 	 0.856360 	 0.855457 	 0.855279 	 0.855636 
2.364000 	 0.856100 	 0.855359 	 0.855180 	 0.855538 
2.376000 	 0.856627 	 0.855357 	 0.855176 	 0.855535 
2.388000 	 0.855166 	 0.855313 	 0.855132 	 0.855491 
2.400000 	 0.854738 	 0.855300 	 0.855121 	 0.855475 
2.412000 	 0.860656 	 0.855187 	 0.855008 	 0.855363 
2.424000 	 0.855055 	 0.855120 	 0.854940 	 0.855295 
2.436000 	 0.854260 	 0.855120 	 0.854939 	 0.855295 
2.448000 	 0.855431 	 0.855320 	 0.855140 	 0.855491 
2.460000 	 0.855684 	 0.855347 	 0.855167 	 0.855520 
2.472000 	 0.856289 	 0.855343 	 0.855162 	 0.855516 
2.484000 	 0.855737 	 0.855397 	 0.855219 	 0.855572 
2.496000 	 0.855833 	 0.855368 	 0.855190 	 0.855542 
2.508000 	 0.857057 	 0.855277 	 0.855100 	 0.855450 
2.520000 	 0.854316 	 0.855150 	 0.854972 	 0.855320 
2.532000 	 0.854910 	 0.854973 	 0.854793 	 0.855147 
2.544000 	 0.855757 	 0.854964 	 0.854788 	 0.855138 
2.556000 	 0.854913 	 0.854956 	 0.854779 	 0.855129 
2.568000 	 0.856240 	 0.854945 	 0.854768 	 0.855118 
2.580000 	 0.856724 	 0.854985 	 0.854809 	 0.855155 
2.592000 	 0.855784 	 0.855031 	 0.854856 	 0.855201 
2.604000 	 0.855785 	 0.855011 	 0.854837 	 0.855182 
2.616000 	 0.853984 	 0.854984 	 0.854809 	 0.855155 
2.628000 	 0.856140 	 0.854957 	 0.854782 	 0.855129 
2.640000 	 0.857092 	 0.855023 	 0.854850 	 0.855193 
2.652000 	 0.856474 	 0.855057 	 0.854884 	 0.855228 
2.664000 	 0.855291 	 0.855054 	 0.854880 	 0.855226 
2.676000 	 0.856626 	 0.854943 	 0.854769 	 0.855113 
2.688000 	 0.853671 	 0.854762 	 0.854585 	 0.854931 
2.700000 	 0.853806 	 0.854605 	 0.854432 	 0.854776 
2.712000 	 0.855288 	 0.854535 	 0.854363 	 0.854706 
2.724000 	 0.853688 	 0.854598 	 0.854424 	 0.854767 
2.736000 	 0.855711 	 0.854630 	 0.854457 	 0.854800 
2.748000 	 0.856690 	 0.854576 	 0.854402 	 0.854745 
2.760000 	 0.855518 	 0.854627 	 0.854456 	 0.854797 
2.772000 	 0.856789 	 0.854724 	 0.854552 	 0.854899 
2.784000 	 0.853474 	 0.854817 	 0.854643 	 0.854991 
2.796000 	 0.855090 	 0.854729 	 0.854557 	 0.854904 
2.808000 	 0.853936 	 0.854619 	 0.854450 	 0.854791 
2.820000 	 0.853278 	 0.854625 	 0.854453 	 0.854800 
2.832000 	 0.854774 	 0.854499 	 0.854328 	 0.854672 
2.844000 	 0.853042 	 0.854466 	 0.854297 	 0.854641 
2.856000 	 0.855086 	 0.854432 	 0.854263 	 0.854607 
2.868000 	 0.853244 	 0.854305 	 0.854136 	 0.854477 
2.880000 	 0.855252 	 0.854237 	 0.854067 	 0.854407 
2.892000 	 0.854961 	 0.854207 	 0.854036 	 0.854378 
2.904000 	 0.853746 	 0.854087 	 0.853918 	 0.854257 
2.916000 	 0.854120 	 0.854081 	 0.853912 	 0.854252 
2.928000 	 0.855783 	 0.854170 	 0.854001 	 0.854344 
2.940000 	 0.854186 	 0.854309 	 0.854138 	 0.854481 
2.952000 	 0.854632 	 0.854408 	 0.854240 	 0.854582 
2.964000 	 0.853978 	 0.854393 	 0.854223 	 0.854567 
2.976000 	 0.853913 	 0.854328 	 0.854157 	 0.854501 
2.988000 	 0.852937 	 0.854187 	 0.854016 	 0.854357 
3.000000 	 0.855505 	 0.854058 	 0.853889 	 0.854230 
3.012000 	 0.853799 	 0.853966 	 0.853795 	 0.854138 
3.024000 	 0.853095 	 0.853904 	 0.853733 	 0.854076 
3.036000 	 0.853906 	 0.853847 	 0.853676 	 0.854020 
3.048000 	 0.853468 	 0.853706 	 0.853536 	 0.853882 
3.060000 	 0.852103 	 0.853707 	 0.853538 	 0.853882 
3.072000 	 0.853865 	 0.853726 	 0.853555 	 0.853900 
3.084000 	 0.855043 	 0.853842 	 0.853674 	 0.854019 
3.096000 	 0.851458 	 0.853800 	 0.853631 	 0.853976 
3.108000 	 0.852394 	 0.853746 	 0.853576 	 0.853922 
3.120000 	 0.852146 	 0.853731 	 0.853560 	 0.853906 
3.132000 	 0.852674 	 0.853790 	 0.853620 	 0.853966 
3.144000 	 0.855578 	 0.853827 	 0.853658 	 0.854005 
3.156000 	 0.853979 	 0.853784 	 0.853614 	 0.853960 
3.168000 	 0.853765 	 0.853733 	 0.853565 	 0.853908 
3.180000 	 0.853068 	 0.853697 	 0.853532 	 0.853875 
3.192000 	 0.852417 	 0.853552 	 0.853389 	 0.853726 
3.204000 	 0.853650 	 0.853343 	 0.853178 	 0.853515 
3.216000 	 0.854455 	 0.853240 	 0.853073 	 0.853411 
3.228000 	 0.854128 	 0.853138 	 0.852972 	 0.853310 
3.240000 	 0.853587 	 0.853075 	 0.852911 	 0.853246 
3.252000 	 0.852606 	 0.853207 	 0.853039 	 0.853377 
3.264000 	 0.853208 	 0.853292 	 0.853125 	 0.853460 
3.276000 	 0.853392 	 0.853303 	 0.853138 	 0.853470 
3.288000 	 0.853015 	 0.853254 	 0.853091 	 0.853423 
3.300000 	 0.853123 	 0.853317 	 0.853153 	 0.853485 
3.312000 	 0.852209 	 0.853252 	 0.853088 	 0.853421 
3.324000 	 0.851711 	 0.853239 	 0.853075 	 0.853408 
3.336000 	 0.851921 	 0.853203 	 0.853040 	 0.853372 
3.348000 	 0.853432 	 0.853150 	 0.852987 	 0.853319 
3.360000 	 0.852465 	 0.853083 	 0.852921 	 0.853250 
3.372000 	 0.851828 	 0.852947 	 0.852786 	 0.853114 
3.384000 	 0.851239 	 0.852866 	 0.852703 	 0.853032 
3.396000 	 0.852544 	 0.852793 	 0.852630 	 0.852959 
3.408000 	 0.852959 	 0.852775 	 0.852612 	 0.852943 
3.420000 	 0.854307 	 0.852746 	 0.852583 	 0.852913 
3.432000 	 0.851785 	 0.852616 	 0.852453 	 0.852785 
3.444000 	 0.853256 	 0.852484 	 0.852322 	 0.852651 
3.456000 	 0.852983 	 0.852518 	 0.852354 	 0.852687 
3.468000 	 0.853648 	 0.852587 	 0.852423 	 0.852755 
3.480000 	 0.853078 	 0.852680 	 0.852517 	 0.852846 
3.492000 	 0.853274 	 0.852737 	 0.852573 	 0.852905 
3.504000 	 0.852976 	 0.852704 	 0.852541 	 0.852873 
3.516000 	 0.852605 	 0.852756 	 0.852592 	 0.852923 
3.528000 	 0.850513 	 0.852699 	 0.852535 	 0.852867 
3.540000 	 0.852250 	 0.852555 	 0.852390 	 0.852724 
3.552000 	 0.852631 	 0.852412 	 0.852249 	 0.852582 
3.564000 	 0.853463 	 0.852246 	 0.852081 	 0.852417 
3.576000 	 0.850891 	 0.852207 	 0.852043 	 0.852378 
3.588000 	 0.853573 	 0.852172 	 0.852008 	 0.852345 
3.600000 	 0.854048 	 0.852142 	 0.851977 	 0.852316 
3.612000 	 0.852329 	 0.852099 	 0.851934 	 0.852274 
3.624000 	 0.851812 	 0.852087 	 0.851921 	 0.852263 
3.636000 	 0.851092 	 0.851962 	 0.851796 	 0.852140 
3.648000 	 0.849249 	 0.851908 	 0.851740 	 0.852086 
3.660000 	 0.852690 	 0.851972 	 0.851806 	 0.852152 
3.672000 	 0.853294 	 0.852019 	 0.851852 	 0.852200 
3.684000 	 0.851962 	 0.851947 	 0.851779 	 0.852127 
3.696000 	 0.849425 	 0.851990 	 0.851821 	 0.852171 
3.708000 	 0.851045 	 0.852016 	 0.851848 	 0.852198 
3.720000 	 0.851657 	 0.851985 	 0.851815 	 0.852167 
3.732000 	 0.851403 	 0.851957 	 0.851786 	 0.852139 
3.744000 	 0.852758 	 0.851930 	 0.851759 	 0.852113 
3.756000 	 0.851543 	 0.851894 	 0.851722 	 0.852077 
3.768000 	 0.851392 	 0.851809 	 0.851636 	 0.851993 
3.780000 	 0.850390 	 0.851623 	 0.851447 	 0.851806 
3.792000 	 0.851112 	 0.851451 	 0.851274 	 0.851631 
3.804000 	 0.850700 	 0.851247 	 0.851071 	 0.851428 
3.816000 	 0.852669 	 0.851220 	 0.851044 	 0.851400 
3.828000 	 0.851250 	 0.851265 	 0.851087 	 0.851447 
3.840000 	 0.852552 	 0.851294 	 0.851113 	 0.851478 
3.852000 	 0.851245 	 0.851329 	 0.851148 	 0.851517 
3.864000 	 0.851866 	 0.851333 	 0.851150 	 0.851521 
3.876000 	 0.849026 	 0.851347 	 0.851163 	 0.851535 
3.888000 	 0.851268 	 0.851413 	 0.851232 	 0.851596 
3.900000 	 0.848848 	 0.851385 	 0.851203 	 0.851567 
3.912000 	 0.850041 	 0.851309 	 0.851126 	 0.851490 
3.924000 	 0.850241 	 0.851221 	 0.851038 	 0.851406 
3.936000 	 0.851844 	 0.851200 	 0.851017 	 0.851386 
3.948000 	 0.851863 	 0.851195 	 0.851012 	 0.851382 
3.960000 	 0.850312 	 0.851208 	 0.851025 	 0.851394 
3.972000 	 0.850345 	 0.851102 	 0.850916 	 0.851290 
3.984000 	 0.849784 	 0.850984 	 0.850796 	 0.851173 
3.996000 	 0.851154 	 0.850877 	 0.850687 	 0.851066 
4.008000 	 0.848269 	 0.850740 	 0.850547 	 0.850929 
4.020000 	 0.849837 	 0.850630 	 0.850437 	 0.850820 
4.032000 	 0.850101 	 0.850573 	 0.850379 	 0.850764 
4.044000 	 0.849901 	 0.850530 	 0.850334 	 0.850724 
4.056000 	 0.851017 	 0.850534 	 0.850335 	 0.850731 
4.068000 	 0.849596 	 0.850529 	 0.850328 	 0.850727 
4.080000 	 0.850848 	 0.850461 	 0.850260 	 0.850660 
4.092000 	 0.851555 	 0.850505 	 0.850303 	 0.850706 
4.104000 	 0.851260 	 0.850607 	 0.850405 	 0.850810 
4.116000 	 0.851495 	 0.850711 	 0.850508 	 0.850916 
4.128000 	 0.850965 	 0.850708 	 0.850503 	 0.850914 
4.140000 	 0.851532 	 0.850684 	 0.850477 	 0.850891 
4.152000 	 0.849064 	 0.850701 	 0.850496 	 0.850912 
4.164000 	 0.849712 	 0.850527 	 0.850319 	 0.850735 
4.176000 	 0.850209 	 0.850327 	 0.850119 	 0.850531 
4.188000 	 0.850290 	 0.850171 	 0.849962 	 0.850377 
4.200000 	 0.850024 	 0.850097 	 0.849886 	 0.850305 
4.212000 	 0.849453 	 0.850059 	 0.849847 	 0.850269 
4.224000 	 0.850516 	 0.850023 	 0.849810 	 0.850235 
4.236000 	 0.848894 	 0.850003 	 0.849789 	 0.850218 
4.248000 	 0.848494 	 0.849924 	 0.849705 	 0.850139 
4.260000 	 0.850987 	 0.849886 	 0.849668 	 0.850103 
4.272000 	 0.849447 	 0.849819 	 0.849598 	 0.850044 
4.284000 	 0.851662 	 0.849837 	 0.849615 	 0.850061 
4.296000 	 0.848358 	 0.849826 	 0.849604 	 0.850053 
4.308000 	 0.850585 	 0.849770 	 0.849540 	 0.849999 
4.320000 	 0.849288 	 0.849699 	 0.849460 	 0.849929 
4.332000 	 0.847846 	 0.849783 	 0.849546 	 0.850016 
4.344000 	 0.848647 	 0.849831 	 0.849594 	 0.850066 
4.356000 	 0.850716 	 0.849906 	 0.849670 	 0.850141 
4.368000 	 0.850706 	 0.849935 	 0.849694 	 0.850173 
4.380000 	 0.849962 	 0.849806 	 0.849560 	 0.850048 
4.392000 	 0.847569 	 0.849727 	 0.849477 	 0.849973 
4.404000 	 0.852331 	 0.849638 	 0.849386 	 0.849887 
4.416000 	 0.848652 	 0.849536 	 0.849280 	 0.849786 
4.428000 	 0.848331 	 0.849459 	 0.849201 	 0.849709 
4.440000 	 0.847611 	 0.849317 	 0.849054 	 0.849570 
4.452000 	 0.849602 	 0.849221 	 0.848954 	 0.849474 
4.464000 	 0.850245 	 0.849106 	 0.848834 	 0.849362 
4.476000 	 0.850000 	 0.849043 	 0.848770 	 0.849301 
4.488000 	 0.849898 	 0.848958 	 0.848683 	 0.849223 
4.500000 	 0.850071 	 0.848954 	 0.848677 	 0.849222 
4.512000 	 0.848495 	 0.848989 	 0.848710 	 0.849261 
4.524000 	 0.849652 	 0.849131 	 0.848849 	 0.849400 
4.536000 	 0.847946 	 0.849148 	 0.848863 	 0.849421 
4.548000 	 0.850360 	 0.849160 	 0.848871 	 0.849433 
4.560000 	 0.849265 	 0.849119 	 0.848827 	 0.849396 
4.572000 	 0.849550 	 0.849035 	 0.848739 	 0.849316 
4.584000 	 0.848447 	 0.848994 	 0.848694 	 0.849278 
4.596000 	 0.850407 	 0.848945 	 0.848640 	 0.849234 
4.608000 	 0.849816 	 0.848886 	 0.848575 	 0.849177 
4.620000 	 0.850300 	 0.848830 	 0.848514 	 0.849124 
4.632000 	 0.849671 	 0.848889 	 0.848573 	 0.849183 
4.644000 	 0.850962 	 0.848907 	 0.848591 	 0.849202 
4.656000 	 0.850255 	 0.848787 	 0.848462 	 0.849085 
4.668000 	 0.849875 	 0.848644 	 0.848314 	 0.848942 
4.680000 	 0.849066 	 0.848515 	 0.848182 	 0.848815 
4.692000 	 0.849235 	 0.848481 	 0.848144 	 0.848782 
4.704000 	 0.850242 	 0.848386 	 0.848043 	 0.848689 
