0.000000 	 0.000000 	 0.000000 	 0.057185 
0.040134 	 0.000000 	 0.000000 	 0.055183 
0.080268 	 0.000000 	 0.000000 	 0.052977 
0.120401 	 0.000000 	 0.000000 	 0.050996 
0.160535 	 0.000000 	 0.000000 	 0.049019 
0.200669 	 0.000000 	 0.000000 	 0.047048 
0.240803 	 0.000000 	 0.000000 	 0.045084 
0.280936 	 0.000000 	 0.000000 	 0.043129 
0.321070 	 0.000000 	 0.000000 	 0.041541 
0.361204 	 0.000002 	 0.000000 	 0.040135 
0.401338 	 0.000017 	 0.000000 	 0.038607 
0.441472 	 0.000049 	 0.000000 	 0.037551 
0.481605 	 0.000105 	 0.000000 	 0.035926 
0.521739 	 0.000187 	 0.000000 	 0.034068 
0.561873 	 0.000321 	 0.000000 	 0.032101 
0.602007 	 0.000511 	 0.000000 	 0.030978 
0.642140 	 0.000747 	 0.000000 	 0.030208 
0.682274 	 0.001022 	 0.000000 	 0.029613 
0.722408 	 0.001310 	 0.000000 	 0.028571 
0.762542 	 0.001723 	 0.000000 	 0.026884 
0.802676 	 0.002179 	 0.000000 	 0.026630 
0.842809 	 0.002646 	 0.000000 	 0.026118 
0.882943 	 0.003160 	 0.000000 	 0.025065 
0.923077 	 0.003698 	 0.000000 	 0.024735 
0.963211 	 0.004343 	 0.000000 	 0.025543 
1.003344 	 0.005080 	 0.000000 	 0.025733 
1.043478 	 0.005884 	 0.000000 	 0.025975 
1.083612 	 0.006838 	 0.000000 	 0.026548 
1.123746 	 0.007600 	 0.000000 	 0.027389 
1.163880 	 0.008642 	 0.000000 	 0.028822 
1.204013 	 0.009808 	 0.000000 	 0.030068 
1.244147 	 0.010887 	 0.000002 	 0.031153 
1.284281 	 0.011911 	 0.000027 	 0.032335 
1.324415 	 0.012943 	 0.000087 	 0.033656 
1.364548 	 0.014286 	 0.000141 	 0.035193 
1.404682 	 0.015749 	 0.000203 	 0.036593 
1.444816 	 0.017138 	 0.000403 	 0.038458 
1.484950 	 0.018691 	 0.000676 	 0.040353 
1.525084 	 0.020632 	 0.001053 	 0.042375 
1.565217 	 0.022599 	 0.001336 	 0.044407 
1.605351 	 0.024618 	 0.001993 	 0.046465 
1.645485 	 0.026753 	 0.002901 	 0.048826 
1.685619 	 0.028845 	 0.003942 	 0.051020 
1.725753 	 0.030976 	 0.005269 	 0.053278 
1.765886 	 0.033271 	 0.006828 	 0.056052 
1.806020 	 0.035611 	 0.008527 	 0.058370 
1.846154 	 0.038088 	 0.010545 	 0.060640 
1.886288 	 0.040730 	 0.012690 	 0.063127 
1.926421 	 0.043380 	 0.014975 	 0.066277 
1.966555 	 0.045807 	 0.017526 	 0.069045 
2.006689 	 0.048654 	 0.020135 	 0.071877 
2.046823 	 0.051498 	 0.022998 	 0.074637 
2.086957 	 0.053937 	 0.026269 	 0.077322 
2.127090 	 0.056765 	 0.029616 	 0.079560 
2.167224 	 0.059343 	 0.033000 	 0.082081 
2.207358 	 0.062300 	 0.036318 	 0.084939 
2.247492 	 0.065004 	 0.039325 	 0.087975 
2.287625 	 0.068053 	 0.042388 	 0.090979 
2.327759 	 0.070741 	 0.045715 	 0.093913 
2.367893 	 0.073655 	 0.049723 	 0.096928 
2.408027 	 0.076531 	 0.052652 	 0.099324 
2.448161 	 0.079309 	 0.056294 	 0.102042 
2.488294 	 0.082260 	 0.059511 	 0.104369 
2.528428 	 0.085000 	 0.062354 	 0.107247 
2.568562 	 0.087769 	 0.064786 	 0.110053 
2.608696 	 0.090347 	 0.067595 	 0.112806 
2.648829 	 0.092976 	 0.070387 	 0.115852 
2.688963 	 0.095809 	 0.073462 	 0.118498 
2.729097 	 0.098810 	 0.076478 	 0.121646 
2.769231 	 0.101689 	 0.079584 	 0.124599 
2.809365 	 0.104386 	 0.082511 	 0.127703 
2.849498 	 0.107189 	 0.085474 	 0.129827 
2.889632 	 0.110415 	 0.087868 	 0.132942 
2.929766 	 0.113192 	 0.090209 	 0.135187 
2.969900 	 0.116086 	 0.093222 	 0.138423 
3.010033 	 0.118943 	 0.096418 	 0.141566 
3.050167 	 0.121950 	 0.099461 	 0.144541 
3.090301 	 0.124847 	 0.102534 	 0.147361 
3.130435 	 0.127878 	 0.105201 	 0.150427 
3.170569 	 0.131026 	 0.108589 	 0.153414 
3.210702 	 0.133915 	 0.111876 	 0.155619 
3.250836 	 0.137416 	 0.115011 	 0.158987 
3.290970 	 0.140592 	 0.117919 	 0.163021 
3.331104 	 0.144373 	 0.121476 	 0.166592 
3.371237 	 0.148235 	 0.124835 	 0.170458 
3.411371 	 0.152099 	 0.128934 	 0.174290 
3.451505 	 0.156163 	 0.132823 	 0.178169 
3.491639 	 0.160338 	 0.137306 	 0.182802 
3.531773 	 0.164585 	 0.141481 	 0.187127 
3.571906 	 0.169208 	 0.145544 	 0.191584 
3.612040 	 0.173814 	 0.150551 	 0.195238 
3.652174 	 0.178836 	 0.155326 	 0.200275 
3.692308 	 0.183839 	 0.159976 	 0.205349 
3.732441 	 0.188966 	 0.165401 	 0.210638 
3.772575 	 0.194328 	 0.170999 	 0.215825 
3.812709 	 0.199996 	 0.176367 	 0.222015 
3.852843 	 0.205980 	 0.181508 	 0.227548 
3.892977 	 0.212143 	 0.187739 	 0.233004 
3.933110 	 0.218616 	 0.193600 	 0.239206 
3.973244 	 0.224972 	 0.199468 	 0.246093 
4.013378 	 0.231441 	 0.205589 	 0.252830 
4.053512 	 0.238571 	 0.211717 	 0.260088 
4.093645 	 0.245826 	 0.218124 	 0.267451 
4.133779 	 0.253049 	 0.224407 	 0.274882 
4.173913 	 0.260235 	 0.230502 	 0.282652 
4.214047 	 0.268076 	 0.237130 	 0.289994 
4.254181 	 0.275306 	 0.243971 	 0.297995 
4.294314 	 0.283029 	 0.250462 	 0.305949 
4.334448 	 0.290946 	 0.257578 	 0.314005 
4.374582 	 0.298616 	 0.264304 	 0.321625 
4.414716 	 0.306115 	 0.270878 	 0.329060 
4.454849 	 0.313704 	 0.277493 	 0.337290 
4.494983 	 0.321138 	 0.284401 	 0.344632 
4.535117 	 0.328334 	 0.290965 	 0.352200 
4.575251 	 0.335670 	 0.296909 	 0.359764 
4.615385 	 0.342532 	 0.302820 	 0.367299 
4.655518 	 0.349250 	 0.309034 	 0.373644 
4.695652 	 0.355405 	 0.314154 	 0.379846 
4.735786 	 0.361181 	 0.319160 	 0.386121 
4.775920 	 0.367051 	 0.324354 	 0.391866 
4.816054 	 0.372101 	 0.328708 	 0.397509 
4.856187 	 0.376887 	 0.332598 	 0.402736 
4.896321 	 0.380944 	 0.335317 	 0.406943 
4.936455 	 0.384663 	 0.337876 	 0.410070 
4.976589 	 0.387712 	 0.339471 	 0.413102 
5.016722 	 0.389713 	 0.340528 	 0.416234 
5.056856 	 0.391559 	 0.341290 	 0.418037 
5.096990 	 0.392053 	 0.340971 	 0.419621 
5.137124 	 0.391687 	 0.340285 	 0.420640 
5.177258 	 0.390613 	 0.338566 	 0.420130 
5.217391 	 0.388643 	 0.336205 	 0.418380 
5.257525 	 0.386079 	 0.333065 	 0.415995 
5.297659 	 0.382233 	 0.329095 	 0.411528 
5.337793 	 0.377485 	 0.324823 	 0.406448 
5.377926 	 0.371627 	 0.319666 	 0.400355 
5.418060 	 0.364751 	 0.313845 	 0.393532 
5.458194 	 0.356886 	 0.307321 	 0.386402 
5.498328 	 0.348248 	 0.299852 	 0.376672 
5.538462 	 0.338490 	 0.292256 	 0.366448 
5.578595 	 0.327919 	 0.283808 	 0.355262 
5.618729 	 0.316230 	 0.274935 	 0.342638 
5.658863 	 0.304197 	 0.265520 	 0.329531 
5.698997 	 0.291339 	 0.255733 	 0.315689 
5.739130 	 0.278211 	 0.245469 	 0.300427 
5.779264 	 0.264541 	 0.235095 	 0.284332 
5.819398 	 0.250219 	 0.224241 	 0.268664 
5.859532 	 0.235920 	 0.213340 	 0.252487 
5.899666 	 0.221185 	 0.201576 	 0.236708 
5.939799 	 0.206127 	 0.189537 	 0.220740 
5.979933 	 0.191324 	 0.177204 	 0.205118 
6.020067 	 0.176774 	 0.164112 	 0.189197 
6.060201 	 0.162520 	 0.150623 	 0.173664 
6.100334 	 0.148540 	 0.135765 	 0.159164 
6.140468 	 0.134645 	 0.121458 	 0.145332 
6.180602 	 0.121321 	 0.107443 	 0.132429 
6.220736 	 0.108495 	 0.093845 	 0.120185 
6.260870 	 0.096370 	 0.081115 	 0.109113 
6.301003 	 0.084830 	 0.069119 	 0.098512 
6.341137 	 0.073719 	 0.057801 	 0.088230 
6.381271 	 0.063617 	 0.047606 	 0.078637 
6.421405 	 0.054267 	 0.038452 	 0.069621 
6.461538 	 0.045495 	 0.030542 	 0.060959 
6.501672 	 0.037654 	 0.023468 	 0.053266 
6.541806 	 0.030666 	 0.017418 	 0.045998 
6.581940 	 0.024414 	 0.012476 	 0.039109 
6.622074 	 0.019010 	 0.008508 	 0.032996 
6.662207 	 0.014404 	 0.005388 	 0.027521 
6.702341 	 0.010500 	 0.003108 	 0.022750 
6.742475 	 0.007361 	 0.001514 	 0.018295 
6.782609 	 0.004882 	 0.000600 	 0.014401 
6.822742 	 0.002988 	 0.000144 	 0.011051 
6.862876 	 0.001651 	 0.000000 	 0.008240 
6.903010 	 0.000773 	 0.000000 	 0.005921 
6.943144 	 0.000272 	 0.000000 	 0.004057 
6.983278 	 0.000051 	 0.000000 	 0.002613 
7.023411 	 0.000000 	 0.000000 	 0.001544 
7.063545 	 0.000000 	 0.000000 	 0.000801 
7.103679 	 0.000000 	 0.000000 	 0.000340 
7.143813 	 0.000000 	 0.000000 	 0.000097 
7.183946 	 0.000000 	 0.000000 	 0.000007 
7.224080 	 0.000000 	 0.000000 	 0.000000 
7.264214 	 0.000000 	 0.000000 	 0.000000 
7.304348 	 0.000000 	 0.000000 	 0.000000 
7.344482 	 0.000000 	 0.000000 	 0.000000 
7.384615 	 0.000000 	 0.000000 	 0.000000 
7.424749 	 0.000000 	 0.000000 	 0.000000 
7.464883 	 0.000000 	 0.000000 	 0.000000 
7.505017 	 0.000000 	 0.000000 	 0.000000 
7.545151 	 0.000000 	 0.000000 	 0.000000 
7.585284 	 0.000000 	 0.000000 	 0.000000 
7.625418 	 0.000000 	 0.000000 	 0.000000 
7.665552 	 0.000000 	 0.000000 	 0.000000 
7.705686 	 0.000000 	 0.000000 	 0.000000 
7.745819 	 0.000000 	 0.000000 	 0.000000 
7.785953 	 0.000000 	 0.000000 	 0.000000 
7.826087 	 0.000000 	 0.000000 	 0.000000 
7.866221 	 0.000000 	 0.000000 	 0.000000 
7.906355 	 0.000000 	 0.000000 	 0.000000 
7.946488 	 0.000000 	 0.000000 	 0.000000 
7.986622 	 0.000000 	 0.000000 	 0.000000 
8.026756 	 0.000000 	 0.000000 	 0.000000 
8.066890 	 0.000000 	 0.000000 	 0.000000 
8.107023 	 0.000000 	 0.000000 	 0.000000 
8.147157 	 0.000000 	 0.000000 	 0.000000 
8.187291 	 0.000000 	 0.000000 	 0.000000 
8.227425 	 0.000000 	 0.000000 	 0.000000 
8.267559 	 0.000000 	 0.000000 	 0.000000 
8.307692 	 0.000000 	 0.000000 	 0.000000 
8.347826 	 0.000000 	 0.000000 	 0.000000 
8.387960 	 0.000000 	 0.000000 	 0.000000 
8.428094 	 0.000000 	 0.000000 	 0.000000 
8.468227 	 0.000000 	 0.000000 	 0.000000 
8.508361 	 0.000000 	 0.000000 	 0.000000 
8.548495 	 0.000000 	 0.000000 	 0.000000 
8.588629 	 0.000000 	 0.000000 	 0.000000 
8.628763 	 0.000000 	 0.000000 	 0.000000 
8.668896 	 0.000000 	 0.000000 	 0.000000 
8.709030 	 0.000000 	 0.000000 	 0.000000 
8.749164 	 0.000000 	 0.000000 	 0.000000 
8.789298 	 0.000000 	 0.000000 	 0.000000 
8.829431 	 0.000000 	 0.000000 	 0.000000 
8.869565 	 0.000000 	 0.000000 	 0.000002 
8.909699 	 0.000000 	 0.000000 	 0.000015 
8.949833 	 0.000000 	 0.000000 	 0.000047 
8.989967 	 0.000000 	 0.000000 	 0.000106 
9.030100 	 0.000000 	 0.000000 	 0.000198 
9.070234 	 0.000000 	 0.000000 	 0.000328 
9.110368 	 0.000000 	 0.000000 	 0.000495 
9.150502 	 0.000000 	 0.000000 	 0.000681 
9.190635 	 0.000000 	 0.000000 	 0.000904 
9.230769 	 0.000000 	 0.000000 	 0.001164 
9.270903 	 0.000000 	 0.000000 	 0.001460 
9.311037 	 0.000000 	 0.000000 	 0.001795 
9.351171 	 0.000000 	 0.000000 	 0.002166 
9.391304 	 0.000000 	 0.000000 	 0.002573 
9.431438 	 0.000000 	 0.000000 	 0.003052 
9.471572 	 0.000000 	 0.000000 	 0.003606 
9.511706 	 0.000000 	 0.000000 	 0.004211 
9.551839 	 0.000000 	 0.000000 	 0.004862 
9.591973 	 0.000000 	 0.000000 	 0.005558 
9.632107 	 0.000000 	 0.000000 	 0.006298 
9.672241 	 0.000000 	 0.000000 	 0.006816 
9.712375 	 0.000000 	 0.000000 	 0.007353 
9.752508 	 0.000000 	 0.000000 	 0.008188 
9.792642 	 0.000000 	 0.000000 	 0.008800 
9.832776 	 0.000000 	 0.000000 	 0.009058 
9.872910 	 0.000000 	 0.000000 	 0.009979 
9.913043 	 0.000000 	 0.000000 	 0.010306 
9.953177 	 0.000000 	 0.000000 	 0.010310 
9.993311 	 0.000000 	 0.000000 	 0.011284 
10.033445 	 0.000000 	 0.000000 	 0.012147 
10.073579 	 0.000000 	 0.000000 	 0.013267 
10.113712 	 0.000000 	 0.000000 	 0.014365 
10.153846 	 0.000000 	 0.000000 	 0.015104 
10.193980 	 0.000000 	 0.000000 	 0.016061 
10.234114 	 0.000000 	 0.000000 	 0.016881 
10.274247 	 0.000000 	 0.000000 	 0.017894 
10.314381 	 0.000000 	 0.000000 	 0.019162 
10.354515 	 0.000000 	 0.000000 	 0.020457 
10.394649 	 0.000002 	 0.000000 	 0.021776 
10.434783 	 0.000008 	 0.000000 	 0.022878 
10.474916 	 0.000024 	 0.000000 	 0.023705 
10.515050 	 0.000052 	 0.000000 	 0.025896 
10.555184 	 0.000101 	 0.000000 	 0.028277 
10.595318 	 0.000159 	 0.000000 	 0.029979 
10.635452 	 0.000236 	 0.000000 	 0.031825 
10.675585 	 0.000280 	 0.000000 	 0.033606 
10.715719 	 0.000355 	 0.000000 	 0.034945 
10.755853 	 0.000452 	 0.000000 	 0.036828 
10.795987 	 0.000566 	 0.000000 	 0.038769 
10.836120 	 0.000678 	 0.000000 	 0.040486 
10.876254 	 0.000772 	 0.000000 	 0.043120 
10.916388 	 0.000831 	 0.000000 	 0.045173 
10.956522 	 0.000991 	 0.000000 	 0.046981 
10.996656 	 0.001168 	 0.000000 	 0.049599 
11.036789 	 0.001336 	 0.000000 	 0.053076 
11.076923 	 0.001508 	 0.000000 	 0.056184 
11.117057 	 0.001712 	 0.000000 	 0.059175 
11.157191 	 0.001854 	 0.000000 	 0.062688 
11.197324 	 0.002108 	 0.000000 	 0.066086 
11.237458 	 0.002255 	 0.000000 	 0.069822 
11.277592 	 0.002546 	 0.000000 	 0.073148 
11.317726 	 0.002853 	 0.000000 	 0.076556 
11.357860 	 0.003180 	 0.000000 	 0.080137 
11.397993 	 0.003533 	 0.000000 	 0.083893 
11.438127 	 0.003922 	 0.000000 	 0.087682 
11.478261 	 0.004337 	 0.000000 	 0.091537 
11.518395 	 0.004765 	 0.000000 	 0.095490 
11.558528 	 0.004920 	 0.000000 	 0.099492 
11.598662 	 0.005211 	 0.000000 	 0.103773 
11.638796 	 0.005635 	 0.000000 	 0.108113 
11.678930 	 0.005962 	 0.000000 	 0.112440 
11.719064 	 0.006301 	 0.000000 	 0.116218 
11.759197 	 0.006624 	 0.000000 	 0.120006 
11.799331 	 0.006659 	 0.000000 	 0.123951 
11.839465 	 0.006764 	 0.000000 	 0.128104 
11.879599 	 0.006726 	 0.000000 	 0.132305 
11.919732 	 0.006946 	 0.000000 	 0.136508 
11.959866 	 0.007299 	 0.000000 	 0.140713 
12.000000 	 0.007376 	 0.000000 	 0.144918 
