0.000000 	 1.000107 	 1.001558 	 1.000137 	 1.002997 
0.012000 	 0.996105 	 0.995280 	 0.994026 	 0.996239 
0.024000 	 0.983462 	 0.981103 	 0.980203 	 0.981931 
0.036000 	 0.961830 	 0.962614 	 0.961746 	 0.963442 
0.048000 	 0.940974 	 0.942224 	 0.941381 	 0.943025 
0.060000 	 0.920989 	 0.921116 	 0.920383 	 0.921842 
0.072000 	 0.899271 	 0.899828 	 0.899084 	 0.900506 
0.084000 	 0.879309 	 0.878672 	 0.877922 	 0.879318 
0.096000 	 0.858171 	 0.857869 	 0.857186 	 0.858523 
0.108000 	 0.836885 	 0.837574 	 0.836924 	 0.838201 
0.120000 	 0.818738 	 0.817933 	 0.817281 	 0.818583 
0.132000 	 0.799648 	 0.799080 	 0.798457 	 0.799735 
0.144000 	 0.781358 	 0.781156 	 0.780540 	 0.781778 
0.156000 	 0.762892 	 0.764275 	 0.763674 	 0.764870 
0.168000 	 0.750054 	 0.748473 	 0.747887 	 0.749057 
0.180000 	 0.732568 	 0.733840 	 0.733270 	 0.734394 
0.192000 	 0.719786 	 0.720366 	 0.719809 	 0.720897 
0.204000 	 0.708520 	 0.708034 	 0.707498 	 0.708570 
0.216000 	 0.696929 	 0.696808 	 0.696297 	 0.697342 
0.228000 	 0.685902 	 0.686648 	 0.686149 	 0.687175 
0.240000 	 0.677323 	 0.677487 	 0.676993 	 0.678004 
0.252000 	 0.669543 	 0.669248 	 0.668750 	 0.669776 
0.264000 	 0.662420 	 0.661884 	 0.661376 	 0.662408 
0.276000 	 0.656393 	 0.655327 	 0.654826 	 0.655843 
0.288000 	 0.649264 	 0.649516 	 0.648996 	 0.650013 
0.300000 	 0.644345 	 0.644398 	 0.643894 	 0.644876 
0.312000 	 0.639792 	 0.639907 	 0.639399 	 0.640375 
0.324000 	 0.636269 	 0.636003 	 0.635515 	 0.636477 
0.336000 	 0.634082 	 0.632655 	 0.632163 	 0.633114 
0.348000 	 0.628071 	 0.629802 	 0.629307 	 0.630254 
0.360000 	 0.628695 	 0.627401 	 0.626899 	 0.627849 
0.372000 	 0.625146 	 0.625440 	 0.624943 	 0.625883 
0.384000 	 0.623007 	 0.623841 	 0.623345 	 0.624299 
0.396000 	 0.619961 	 0.622611 	 0.622151 	 0.623058 
0.408000 	 0.621346 	 0.621703 	 0.621259 	 0.622149 
0.420000 	 0.622508 	 0.621068 	 0.620643 	 0.621518 
0.432000 	 0.620356 	 0.620704 	 0.620270 	 0.621140 
0.444000 	 0.620262 	 0.620579 	 0.620130 	 0.620990 
0.456000 	 0.620343 	 0.620634 	 0.620199 	 0.621039 
0.468000 	 0.621710 	 0.620871 	 0.620412 	 0.621270 
0.480000 	 0.619846 	 0.621262 	 0.620824 	 0.621664 
0.492000 	 0.621795 	 0.621770 	 0.621349 	 0.622171 
0.504000 	 0.622439 	 0.622376 	 0.621969 	 0.622775 
0.516000 	 0.623125 	 0.623079 	 0.622666 	 0.623478 
0.528000 	 0.624053 	 0.623834 	 0.623421 	 0.624249 
0.540000 	 0.624030 	 0.624623 	 0.624216 	 0.625037 
0.552000 	 0.625528 	 0.625440 	 0.625031 	 0.625846 
0.564000 	 0.627016 	 0.626272 	 0.625886 	 0.626675 
0.576000 	 0.627858 	 0.627094 	 0.626705 	 0.627491 
0.588000 	 0.628695 	 0.627906 	 0.627532 	 0.628301 
0.600000 	 0.627563 	 0.628685 	 0.628309 	 0.629084 
0.612000 	 0.629455 	 0.629412 	 0.629056 	 0.629812 
0.624000 	 0.630250 	 0.630096 	 0.629738 	 0.630499 
0.636000 	 0.630585 	 0.630756 	 0.630399 	 0.631155 
0.648000 	 0.631299 	 0.631337 	 0.630976 	 0.631749 
0.660000 	 0.632565 	 0.631845 	 0.631479 	 0.632248 
0.672000 	 0.631918 	 0.632302 	 0.631932 	 0.632707 
0.684000 	 0.631725 	 0.632735 	 0.632357 	 0.633140 
0.696000 	 0.634625 	 0.633107 	 0.632729 	 0.633509 
0.708000 	 0.632430 	 0.633374 	 0.632993 	 0.633757 
0.720000 	 0.634312 	 0.633573 	 0.633191 	 0.633974 
0.732000 	 0.632936 	 0.633771 	 0.633390 	 0.634155 
0.744000 	 0.634819 	 0.633935 	 0.633578 	 0.634327 
0.756000 	 0.633586 	 0.634023 	 0.633666 	 0.634419 
0.768000 	 0.634575 	 0.634036 	 0.633680 	 0.634425 
0.780000 	 0.633014 	 0.634027 	 0.633674 	 0.634401 
0.792000 	 0.634623 	 0.634032 	 0.633681 	 0.634408 
0.804000 	 0.633762 	 0.634025 	 0.633678 	 0.634395 
0.816000 	 0.633975 	 0.633977 	 0.633622 	 0.634361 
0.828000 	 0.635061 	 0.633873 	 0.633509 	 0.634254 
0.840000 	 0.634367 	 0.633767 	 0.633405 	 0.634145 
0.852000 	 0.634669 	 0.633685 	 0.633322 	 0.634050 
0.864000 	 0.634498 	 0.633613 	 0.633245 	 0.633968 
0.876000 	 0.633758 	 0.633555 	 0.633186 	 0.633912 
0.888000 	 0.633624 	 0.633478 	 0.633109 	 0.633835 
0.900000 	 0.632744 	 0.633385 	 0.633015 	 0.633739 
0.912000 	 0.632404 	 0.633284 	 0.632914 	 0.633647 
0.924000 	 0.633535 	 0.633213 	 0.632841 	 0.633566 
0.936000 	 0.632687 	 0.633197 	 0.632831 	 0.633546 
0.948000 	 0.633040 	 0.633210 	 0.632844 	 0.633564 
0.960000 	 0.632672 	 0.633227 	 0.632862 	 0.633582 
0.972000 	 0.632418 	 0.633209 	 0.632852 	 0.633550 
0.984000 	 0.634446 	 0.633167 	 0.632813 	 0.633503 
0.996000 	 0.631008 	 0.633156 	 0.632802 	 0.633492 
1.008000 	 0.634182 	 0.633230 	 0.632888 	 0.633562 
1.020000 	 0.631397 	 0.633356 	 0.633008 	 0.633690 
1.032000 	 0.632016 	 0.633489 	 0.633137 	 0.633826 
1.044000 	 0.632813 	 0.633547 	 0.633213 	 0.633872 
1.056000 	 0.632642 	 0.633559 	 0.633226 	 0.633877 
1.068000 	 0.632103 	 0.633601 	 0.633286 	 0.633906 
1.080000 	 0.633108 	 0.633722 	 0.633408 	 0.634031 
1.092000 	 0.633608 	 0.633919 	 0.633604 	 0.634214 
1.104000 	 0.634862 	 0.634131 	 0.633818 	 0.634423 
1.116000 	 0.634574 	 0.634282 	 0.633961 	 0.634578 
1.128000 	 0.633900 	 0.634345 	 0.634031 	 0.634645 
1.140000 	 0.635645 	 0.634369 	 0.634053 	 0.634676 
1.152000 	 0.634235 	 0.634451 	 0.634136 	 0.634758 
1.164000 	 0.634091 	 0.634616 	 0.634300 	 0.634916 
1.176000 	 0.634485 	 0.634828 	 0.634504 	 0.635146 
1.188000 	 0.635773 	 0.635021 	 0.634689 	 0.635331 
1.200000 	 0.634449 	 0.635152 	 0.634810 	 0.635472 
1.212000 	 0.634154 	 0.635205 	 0.634858 	 0.635520 
1.224000 	 0.637293 	 0.635222 	 0.634877 	 0.635540 
1.236000 	 0.635749 	 0.635251 	 0.634910 	 0.635571 
1.248000 	 0.635641 	 0.635346 	 0.635005 	 0.635669 
1.260000 	 0.634657 	 0.635485 	 0.635149 	 0.635819 
1.272000 	 0.636784 	 0.635639 	 0.635297 	 0.635978 
1.284000 	 0.635450 	 0.635751 	 0.635395 	 0.636087 
1.296000 	 0.635449 	 0.635778 	 0.635432 	 0.636113 
1.308000 	 0.635175 	 0.635734 	 0.635401 	 0.636078 
1.320000 	 0.635933 	 0.635669 	 0.635338 	 0.636007 
1.332000 	 0.636157 	 0.635636 	 0.635310 	 0.635974 
1.344000 	 0.636798 	 0.635649 	 0.635329 	 0.635988 
1.356000 	 0.637351 	 0.635700 	 0.635383 	 0.636037 
1.368000 	 0.636091 	 0.635783 	 0.635469 	 0.636117 
1.380000 	 0.637093 	 0.635838 	 0.635526 	 0.636173 
1.392000 	 0.635320 	 0.635799 	 0.635494 	 0.636127 
1.404000 	 0.636326 	 0.635657 	 0.635369 	 0.635982 
1.416000 	 0.635649 	 0.635486 	 0.635204 	 0.635809 
1.428000 	 0.636169 	 0.635354 	 0.635070 	 0.635671 
1.440000 	 0.635552 	 0.635299 	 0.635019 	 0.635611 
1.452000 	 0.635336 	 0.635308 	 0.635025 	 0.635622 
1.464000 	 0.636119 	 0.635343 	 0.635063 	 0.635652 
1.476000 	 0.635438 	 0.635357 	 0.635085 	 0.635671 
1.488000 	 0.635264 	 0.635291 	 0.635012 	 0.635593 
1.500000 	 0.635319 	 0.635127 	 0.634850 	 0.635420 
1.512000 	 0.634554 	 0.634906 	 0.634617 	 0.635194 
1.524000 	 0.633992 	 0.634679 	 0.634379 	 0.634967 
1.536000 	 0.633677 	 0.634525 	 0.634231 	 0.634815 
1.548000 	 0.634566 	 0.634487 	 0.634195 	 0.634779 
1.560000 	 0.633342 	 0.634523 	 0.634226 	 0.634821 
1.572000 	 0.634738 	 0.634566 	 0.634257 	 0.634866 
1.584000 	 0.633233 	 0.634532 	 0.634228 	 0.634839 
1.596000 	 0.634354 	 0.634395 	 0.634096 	 0.634713 
1.608000 	 0.635158 	 0.634181 	 0.633874 	 0.634498 
1.620000 	 0.633357 	 0.633950 	 0.633635 	 0.634263 
1.632000 	 0.633094 	 0.633766 	 0.633434 	 0.634082 
1.644000 	 0.633834 	 0.633654 	 0.633320 	 0.633979 
1.656000 	 0.632847 	 0.633620 	 0.633290 	 0.633936 
1.668000 	 0.633260 	 0.633650 	 0.633339 	 0.633971 
1.680000 	 0.632149 	 0.633697 	 0.633391 	 0.634007 
1.692000 	 0.633626 	 0.633710 	 0.633404 	 0.634014 
1.704000 	 0.631958 	 0.633633 	 0.633332 	 0.633942 
1.716000 	 0.632827 	 0.633453 	 0.633159 	 0.633753 
1.728000 	 0.633618 	 0.633215 	 0.632915 	 0.633524 
1.740000 	 0.632570 	 0.633028 	 0.632724 	 0.633336 
1.752000 	 0.632231 	 0.632939 	 0.632632 	 0.633243 
1.764000 	 0.632708 	 0.632928 	 0.632622 	 0.633230 
1.776000 	 0.633170 	 0.632966 	 0.632668 	 0.633255 
1.788000 	 0.632083 	 0.633016 	 0.632711 	 0.633299 
1.800000 	 0.633028 	 0.633047 	 0.632739 	 0.633325 
1.812000 	 0.632215 	 0.633044 	 0.632726 	 0.633328 
1.824000 	 0.633992 	 0.632975 	 0.632667 	 0.633262 
1.836000 	 0.632809 	 0.632848 	 0.632550 	 0.633128 
1.848000 	 0.632185 	 0.632678 	 0.632387 	 0.632959 
1.860000 	 0.631797 	 0.632513 	 0.632222 	 0.632793 
1.872000 	 0.632774 	 0.632399 	 0.632114 	 0.632675 
1.884000 	 0.631589 	 0.632381 	 0.632092 	 0.632656 
1.896000 	 0.631827 	 0.632440 	 0.632155 	 0.632707 
1.908000 	 0.632712 	 0.632542 	 0.632261 	 0.632817 
1.920000 	 0.633826 	 0.632623 	 0.632337 	 0.632902 
1.932000 	 0.632886 	 0.632630 	 0.632348 	 0.632916 
1.944000 	 0.632400 	 0.632562 	 0.632277 	 0.632861 
1.956000 	 0.632460 	 0.632440 	 0.632158 	 0.632736 
1.968000 	 0.632324 	 0.632300 	 0.632018 	 0.632577 
1.980000 	 0.633319 	 0.632157 	 0.631881 	 0.632432 
1.992000 	 0.632712 	 0.632037 	 0.631762 	 0.632315 
2.004000 	 0.633113 	 0.631958 	 0.631684 	 0.632228 
2.016000 	 0.632208 	 0.631941 	 0.631665 	 0.632215 
2.028000 	 0.632804 	 0.631995 	 0.631720 	 0.632284 
2.040000 	 0.633237 	 0.632097 	 0.631824 	 0.632393 
2.052000 	 0.634392 	 0.632197 	 0.631920 	 0.632498 
2.064000 	 0.631532 	 0.632232 	 0.631961 	 0.632535 
2.076000 	 0.632267 	 0.632161 	 0.631888 	 0.632456 
2.088000 	 0.633174 	 0.631975 	 0.631707 	 0.632257 
2.100000 	 0.632252 	 0.631740 	 0.631484 	 0.632024 
2.112000 	 0.632150 	 0.631542 	 0.631290 	 0.631820 
2.124000 	 0.632628 	 0.631439 	 0.631178 	 0.631714 
2.136000 	 0.633574 	 0.631416 	 0.631153 	 0.631691 
2.148000 	 0.631580 	 0.631448 	 0.631177 	 0.631722 
2.160000 	 0.631896 	 0.631489 	 0.631226 	 0.631756 
2.172000 	 0.631235 	 0.631535 	 0.631276 	 0.631807 
2.184000 	 0.630864 	 0.631590 	 0.631326 	 0.631871 
2.196000 	 0.632458 	 0.631609 	 0.631348 	 0.631887 
2.208000 	 0.630687 	 0.631557 	 0.631300 	 0.631827 
2.220000 	 0.631110 	 0.631419 	 0.631162 	 0.631686 
2.232000 	 0.630935 	 0.631210 	 0.630951 	 0.631471 
2.244000 	 0.630809 	 0.630974 	 0.630715 	 0.631232 
2.256000 	 0.631293 	 0.630777 	 0.630527 	 0.631037 
2.268000 	 0.631505 	 0.630673 	 0.630425 	 0.630934 
2.280000 	 0.631127 	 0.630674 	 0.630429 	 0.630937 
2.292000 	 0.629270 	 0.630754 	 0.630502 	 0.631014 
2.304000 	 0.629781 	 0.630866 	 0.630608 	 0.631124 
2.316000 	 0.630423 	 0.630955 	 0.630690 	 0.631203 
2.328000 	 0.630202 	 0.630963 	 0.630694 	 0.631215 
2.340000 	 0.631356 	 0.630871 	 0.630600 	 0.631127 
2.352000 	 0.630441 	 0.630716 	 0.630444 	 0.630972 
2.364000 	 0.630560 	 0.630547 	 0.630272 	 0.630799 
2.376000 	 0.630781 	 0.630394 	 0.630121 	 0.630638 
2.388000 	 0.629666 	 0.630261 	 0.629979 	 0.630504 
2.400000 	 0.629684 	 0.630136 	 0.629846 	 0.630388 
2.412000 	 0.631699 	 0.630028 	 0.629741 	 0.630272 
2.424000 	 0.629948 	 0.629971 	 0.629697 	 0.630217 
2.436000 	 0.627324 	 0.629993 	 0.629709 	 0.630235 
2.448000 	 0.628966 	 0.630078 	 0.629793 	 0.630321 
2.460000 	 0.628291 	 0.630170 	 0.629886 	 0.630419 
2.472000 	 0.630226 	 0.630239 	 0.629946 	 0.630487 
2.484000 	 0.630151 	 0.630242 	 0.629946 	 0.630488 
2.496000 	 0.628783 	 0.630155 	 0.629854 	 0.630397 
2.508000 	 0.629394 	 0.629982 	 0.629687 	 0.630219 
2.520000 	 0.628970 	 0.629769 	 0.629484 	 0.630006 
2.532000 	 0.630387 	 0.629576 	 0.629296 	 0.629811 
2.544000 	 0.627846 	 0.629456 	 0.629184 	 0.629702 
2.556000 	 0.629944 	 0.629408 	 0.629135 	 0.629655 
2.568000 	 0.629372 	 0.629415 	 0.629135 	 0.629661 
2.580000 	 0.628416 	 0.629446 	 0.629167 	 0.629690 
2.592000 	 0.628579 	 0.629471 	 0.629197 	 0.629708 
2.604000 	 0.629494 	 0.629482 	 0.629209 	 0.629714 
2.616000 	 0.629998 	 0.629497 	 0.629230 	 0.629738 
2.628000 	 0.630769 	 0.629527 	 0.629259 	 0.629769 
2.640000 	 0.630917 	 0.629564 	 0.629302 	 0.629810 
2.652000 	 0.629874 	 0.629572 	 0.629307 	 0.629814 
2.664000 	 0.630006 	 0.629504 	 0.629234 	 0.629744 
2.676000 	 0.629750 	 0.629340 	 0.629073 	 0.629581 
2.688000 	 0.628482 	 0.629122 	 0.628861 	 0.629357 
2.700000 	 0.629379 	 0.628926 	 0.628673 	 0.629161 
2.712000 	 0.628918 	 0.628807 	 0.628550 	 0.629047 
2.724000 	 0.628121 	 0.628774 	 0.628519 	 0.629017 
2.736000 	 0.628869 	 0.628809 	 0.628558 	 0.629050 
2.748000 	 0.629952 	 0.628882 	 0.628636 	 0.629113 
2.760000 	 0.630159 	 0.628984 	 0.628740 	 0.629214 
2.772000 	 0.629340 	 0.629080 	 0.628840 	 0.629313 
2.784000 	 0.630033 	 0.629135 	 0.628884 	 0.629366 
2.796000 	 0.628678 	 0.629117 	 0.628860 	 0.629351 
2.808000 	 0.629625 	 0.629041 	 0.628790 	 0.629281 
2.820000 	 0.627955 	 0.628942 	 0.628688 	 0.629180 
2.832000 	 0.628397 	 0.628828 	 0.628579 	 0.629067 
2.844000 	 0.629314 	 0.628717 	 0.628464 	 0.628944 
2.856000 	 0.629857 	 0.628599 	 0.628358 	 0.628831 
2.868000 	 0.628706 	 0.628471 	 0.628225 	 0.628703 
2.880000 	 0.629385 	 0.628339 	 0.628090 	 0.628569 
2.892000 	 0.630007 	 0.628230 	 0.627990 	 0.628453 
2.904000 	 0.629333 	 0.628183 	 0.627941 	 0.628408 
2.916000 	 0.626937 	 0.628225 	 0.627980 	 0.628452 
2.928000 	 0.628563 	 0.628353 	 0.628111 	 0.628571 
2.940000 	 0.628024 	 0.628519 	 0.628269 	 0.628736 
2.952000 	 0.628358 	 0.628654 	 0.628405 	 0.628867 
2.964000 	 0.626930 	 0.628693 	 0.628449 	 0.628910 
2.976000 	 0.628336 	 0.628617 	 0.628371 	 0.628840 
2.988000 	 0.628327 	 0.628446 	 0.628190 	 0.628674 
3.000000 	 0.628310 	 0.628239 	 0.627971 	 0.628461 
3.012000 	 0.627267 	 0.628039 	 0.627763 	 0.628265 
3.024000 	 0.626923 	 0.627867 	 0.627595 	 0.628102 
3.036000 	 0.628690 	 0.627738 	 0.627460 	 0.627980 
3.048000 	 0.627595 	 0.627653 	 0.627373 	 0.627910 
3.060000 	 0.628455 	 0.627630 	 0.627346 	 0.627896 
3.072000 	 0.629293 	 0.627658 	 0.627364 	 0.627932 
3.084000 	 0.628838 	 0.627707 	 0.627399 	 0.627989 
3.096000 	 0.628798 	 0.627733 	 0.627414 	 0.628028 
3.108000 	 0.628232 	 0.627749 	 0.627399 	 0.628077 
3.120000 	 0.627718 	 0.627769 	 0.627399 	 0.628117 
3.132000 	 0.628331 	 0.627800 	 0.627419 	 0.628171 
3.144000 	 0.626170 	 0.627825 	 0.627432 	 0.628210 
3.156000 	 0.627603 	 0.627812 	 0.627414 	 0.628209 
3.168000 	 0.626977 	 0.627734 	 0.627327 	 0.628155 
3.180000 	 0.627467 	 0.627567 	 0.627150 	 0.628007 
3.192000 	 0.627576 	 0.627315 	 0.626890 	 0.627777 
3.204000 	 0.627332 	 0.627048 	 0.626596 	 0.627524 
3.216000 	 0.628013 	 0.626832 	 0.626359 	 0.627322 
3.228000 	 0.625953 	 0.626709 	 0.626225 	 0.627220 
