0.000000 	 0.999814 	 0.999586 	 0.994021 	 1.006189 
0.012000 	 0.995017 	 0.994899 	 0.991745 	 0.998300 
0.024000 	 0.989341 	 0.990629 	 0.987712 	 0.993216 
0.036000 	 0.980308 	 0.984123 	 0.981509 	 0.986281 
0.048000 	 0.973585 	 0.975839 	 0.973670 	 0.977769 
0.060000 	 0.967929 	 0.966375 	 0.964366 	 0.968166 
0.072000 	 0.952230 	 0.955990 	 0.954096 	 0.957738 
0.084000 	 0.945482 	 0.944971 	 0.943115 	 0.946729 
0.096000 	 0.935906 	 0.933640 	 0.931812 	 0.935490 
0.108000 	 0.926978 	 0.922033 	 0.920265 	 0.923821 
0.120000 	 0.912192 	 0.910357 	 0.908637 	 0.912132 
0.132000 	 0.898629 	 0.898706 	 0.897034 	 0.900508 
0.144000 	 0.889169 	 0.887216 	 0.885592 	 0.888940 
0.156000 	 0.875421 	 0.875913 	 0.874310 	 0.877569 
0.168000 	 0.869240 	 0.864878 	 0.863302 	 0.866464 
0.180000 	 0.855261 	 0.854095 	 0.852567 	 0.855667 
0.192000 	 0.846071 	 0.843617 	 0.842178 	 0.845117 
0.204000 	 0.833214 	 0.833487 	 0.832116 	 0.834933 
0.216000 	 0.824239 	 0.823675 	 0.822311 	 0.825048 
0.228000 	 0.809901 	 0.814225 	 0.812904 	 0.815553 
0.240000 	 0.807018 	 0.805156 	 0.803875 	 0.806443 
0.252000 	 0.802707 	 0.796390 	 0.795144 	 0.797612 
0.264000 	 0.788602 	 0.788008 	 0.786760 	 0.789169 
0.276000 	 0.780941 	 0.779988 	 0.778749 	 0.781167 
0.288000 	 0.771425 	 0.772281 	 0.771050 	 0.773439 
0.300000 	 0.768653 	 0.764951 	 0.763738 	 0.766079 
0.312000 	 0.755551 	 0.757937 	 0.756751 	 0.759060 
0.324000 	 0.746197 	 0.751270 	 0.750079 	 0.752373 
0.336000 	 0.750118 	 0.744929 	 0.743757 	 0.746004 
0.348000 	 0.741897 	 0.738892 	 0.737717 	 0.739954 
0.360000 	 0.732321 	 0.733109 	 0.731954 	 0.734143 
0.372000 	 0.719383 	 0.727652 	 0.726510 	 0.728651 
0.384000 	 0.726354 	 0.722457 	 0.721330 	 0.723467 
0.396000 	 0.713630 	 0.717545 	 0.716433 	 0.718555 
0.408000 	 0.716257 	 0.712877 	 0.711776 	 0.713898 
0.420000 	 0.705743 	 0.708460 	 0.707372 	 0.709478 
0.432000 	 0.701499 	 0.704288 	 0.703204 	 0.705310 
0.444000 	 0.698627 	 0.700357 	 0.699273 	 0.701361 
0.456000 	 0.696938 	 0.696621 	 0.695539 	 0.697643 
0.468000 	 0.695287 	 0.693114 	 0.692061 	 0.694148 
0.480000 	 0.687638 	 0.689799 	 0.688754 	 0.690841 
0.492000 	 0.683829 	 0.686692 	 0.685656 	 0.687712 
0.504000 	 0.685170 	 0.683772 	 0.682727 	 0.684777 
0.516000 	 0.678509 	 0.681026 	 0.679991 	 0.682031 
0.528000 	 0.676062 	 0.678446 	 0.677409 	 0.679435 
0.540000 	 0.676932 	 0.676012 	 0.674979 	 0.676995 
0.552000 	 0.680985 	 0.673744 	 0.672714 	 0.674718 
0.564000 	 0.672078 	 0.671622 	 0.670592 	 0.672579 
0.576000 	 0.665028 	 0.669637 	 0.668625 	 0.670589 
0.588000 	 0.665732 	 0.667786 	 0.666780 	 0.668747 
0.600000 	 0.661426 	 0.666059 	 0.665051 	 0.667023 
0.612000 	 0.658694 	 0.664452 	 0.663451 	 0.665406 
0.624000 	 0.661325 	 0.662965 	 0.661969 	 0.663905 
0.636000 	 0.660628 	 0.661588 	 0.660622 	 0.662522 
0.648000 	 0.661393 	 0.660309 	 0.659332 	 0.661225 
0.660000 	 0.658219 	 0.659129 	 0.658163 	 0.660029 
0.672000 	 0.658146 	 0.658041 	 0.657092 	 0.658952 
0.684000 	 0.648501 	 0.657031 	 0.656077 	 0.657948 
0.696000 	 0.656319 	 0.656127 	 0.655180 	 0.657031 
0.708000 	 0.649883 	 0.655291 	 0.654342 	 0.656189 
0.720000 	 0.654067 	 0.654524 	 0.653563 	 0.655401 
0.732000 	 0.654399 	 0.653842 	 0.652899 	 0.654698 
0.744000 	 0.650239 	 0.653227 	 0.652300 	 0.654063 
0.756000 	 0.650617 	 0.652672 	 0.651746 	 0.653488 
0.768000 	 0.647897 	 0.652174 	 0.651241 	 0.652980 
0.780000 	 0.658353 	 0.651723 	 0.650785 	 0.652539 
0.792000 	 0.647795 	 0.651343 	 0.650428 	 0.652145 
0.804000 	 0.645851 	 0.651011 	 0.650105 	 0.651810 
0.816000 	 0.653571 	 0.650726 	 0.649830 	 0.651536 
0.828000 	 0.646215 	 0.650475 	 0.649585 	 0.651287 
0.840000 	 0.655473 	 0.650275 	 0.649389 	 0.651067 
0.852000 	 0.648597 	 0.650120 	 0.649247 	 0.650925 
0.864000 	 0.651123 	 0.649995 	 0.649142 	 0.650777 
0.876000 	 0.646725 	 0.649923 	 0.649071 	 0.650706 
0.888000 	 0.655780 	 0.649846 	 0.649017 	 0.650620 
0.900000 	 0.645589 	 0.649824 	 0.649007 	 0.650607 
0.912000 	 0.657534 	 0.649828 	 0.649030 	 0.650619 
0.924000 	 0.648701 	 0.649847 	 0.649050 	 0.650626 
0.936000 	 0.650642 	 0.649918 	 0.649128 	 0.650692 
0.948000 	 0.645912 	 0.649996 	 0.649208 	 0.650758 
0.960000 	 0.648588 	 0.650094 	 0.649310 	 0.650861 
0.972000 	 0.653207 	 0.650228 	 0.649448 	 0.650988 
0.984000 	 0.654453 	 0.650366 	 0.649588 	 0.651118 
0.996000 	 0.654885 	 0.650518 	 0.649731 	 0.651265 
1.008000 	 0.651408 	 0.650693 	 0.649912 	 0.651436 
1.020000 	 0.651103 	 0.650882 	 0.650103 	 0.651618 
1.032000 	 0.650241 	 0.651095 	 0.650316 	 0.651833 
1.044000 	 0.652301 	 0.651304 	 0.650542 	 0.652041 
1.056000 	 0.651579 	 0.651519 	 0.650772 	 0.652253 
1.068000 	 0.654576 	 0.651753 	 0.650984 	 0.652484 
1.080000 	 0.650924 	 0.651998 	 0.651223 	 0.652736 
1.092000 	 0.651159 	 0.652261 	 0.651480 	 0.653003 
1.104000 	 0.643645 	 0.652530 	 0.651749 	 0.653273 
1.116000 	 0.656085 	 0.652802 	 0.652020 	 0.653543 
1.128000 	 0.652607 	 0.653060 	 0.652282 	 0.653809 
1.140000 	 0.662320 	 0.653332 	 0.652560 	 0.654080 
1.152000 	 0.654869 	 0.653621 	 0.652855 	 0.654373 
1.164000 	 0.656490 	 0.653900 	 0.653138 	 0.654660 
1.176000 	 0.653643 	 0.654206 	 0.653442 	 0.654955 
1.188000 	 0.650260 	 0.654489 	 0.653737 	 0.655243 
1.200000 	 0.653897 	 0.654785 	 0.654041 	 0.655533 
1.212000 	 0.651920 	 0.655082 	 0.654336 	 0.655826 
1.224000 	 0.653317 	 0.655382 	 0.654636 	 0.656123 
1.236000 	 0.654720 	 0.655670 	 0.654924 	 0.656407 
1.248000 	 0.657175 	 0.655975 	 0.655223 	 0.656711 
1.260000 	 0.654194 	 0.656278 	 0.655516 	 0.657014 
1.272000 	 0.661064 	 0.656585 	 0.655822 	 0.657322 
1.284000 	 0.657795 	 0.656878 	 0.656111 	 0.657619 
1.296000 	 0.660495 	 0.657174 	 0.656398 	 0.657917 
1.308000 	 0.659580 	 0.657463 	 0.656683 	 0.658207 
1.320000 	 0.661915 	 0.657751 	 0.656974 	 0.658485 
1.332000 	 0.665880 	 0.658036 	 0.657263 	 0.658768 
1.344000 	 0.657886 	 0.658326 	 0.657566 	 0.659072 
1.356000 	 0.662955 	 0.658603 	 0.657843 	 0.659324 
1.368000 	 0.653078 	 0.658887 	 0.658128 	 0.659607 
1.380000 	 0.656031 	 0.659179 	 0.658415 	 0.659905 
1.392000 	 0.656289 	 0.659453 	 0.658701 	 0.660184 
1.404000 	 0.660475 	 0.659717 	 0.658963 	 0.660451 
1.416000 	 0.658245 	 0.659974 	 0.659218 	 0.660701 
1.428000 	 0.661433 	 0.660230 	 0.659483 	 0.660953 
1.440000 	 0.664532 	 0.660496 	 0.659749 	 0.661224 
1.452000 	 0.664070 	 0.660752 	 0.660014 	 0.661476 
1.464000 	 0.662789 	 0.661006 	 0.660274 	 0.661729 
1.476000 	 0.660239 	 0.661260 	 0.660535 	 0.661986 
1.488000 	 0.662318 	 0.661497 	 0.660774 	 0.662217 
1.500000 	 0.658391 	 0.661736 	 0.661015 	 0.662446 
1.512000 	 0.660346 	 0.661968 	 0.661243 	 0.662678 
1.524000 	 0.661341 	 0.662187 	 0.661464 	 0.662882 
1.536000 	 0.658275 	 0.662405 	 0.661685 	 0.663091 
1.548000 	 0.660236 	 0.662629 	 0.661920 	 0.663334 
1.560000 	 0.664752 	 0.662848 	 0.662144 	 0.663553 
1.572000 	 0.666200 	 0.663067 	 0.662375 	 0.663778 
1.584000 	 0.663311 	 0.663270 	 0.662574 	 0.663982 
1.596000 	 0.667729 	 0.663467 	 0.662774 	 0.664181 
1.608000 	 0.659084 	 0.663658 	 0.662963 	 0.664368 
1.620000 	 0.666580 	 0.663840 	 0.663143 	 0.664551 
1.632000 	 0.662471 	 0.664018 	 0.663332 	 0.664725 
1.644000 	 0.663786 	 0.664196 	 0.663514 	 0.664902 
1.656000 	 0.664462 	 0.664370 	 0.663684 	 0.665072 
1.668000 	 0.669824 	 0.664558 	 0.663885 	 0.665270 
1.680000 	 0.663930 	 0.664727 	 0.664058 	 0.665437 
1.692000 	 0.665832 	 0.664888 	 0.664224 	 0.665592 
1.704000 	 0.668442 	 0.665042 	 0.664382 	 0.665743 
1.716000 	 0.659501 	 0.665183 	 0.664529 	 0.665875 
1.728000 	 0.669074 	 0.665322 	 0.664676 	 0.666014 
1.740000 	 0.660810 	 0.665458 	 0.664816 	 0.666150 
1.752000 	 0.668598 	 0.665598 	 0.664961 	 0.666298 
1.764000 	 0.660159 	 0.665732 	 0.665104 	 0.666414 
1.776000 	 0.668196 	 0.665871 	 0.665248 	 0.666553 
1.788000 	 0.665300 	 0.666006 	 0.665385 	 0.666705 
1.800000 	 0.662735 	 0.666127 	 0.665511 	 0.666814 
1.812000 	 0.667116 	 0.666249 	 0.665631 	 0.666951 
1.824000 	 0.671527 	 0.666355 	 0.665739 	 0.667052 
1.836000 	 0.668992 	 0.666450 	 0.665841 	 0.667134 
1.848000 	 0.667929 	 0.666553 	 0.665940 	 0.667240 
1.860000 	 0.663551 	 0.666643 	 0.666036 	 0.667328 
1.872000 	 0.661042 	 0.666737 	 0.666123 	 0.667419 
1.884000 	 0.667114 	 0.666830 	 0.666221 	 0.667507 
1.896000 	 0.667068 	 0.666919 	 0.666308 	 0.667596 
1.908000 	 0.669669 	 0.667022 	 0.666419 	 0.667711 
1.920000 	 0.666349 	 0.667104 	 0.666504 	 0.667795 
1.932000 	 0.662851 	 0.667176 	 0.666574 	 0.667860 
1.944000 	 0.669225 	 0.667250 	 0.666653 	 0.667937 
1.956000 	 0.668063 	 0.667313 	 0.666703 	 0.667993 
1.968000 	 0.670122 	 0.667377 	 0.666757 	 0.668050 
1.980000 	 0.669962 	 0.667430 	 0.666798 	 0.668097 
1.992000 	 0.671662 	 0.667475 	 0.666843 	 0.668139 
2.004000 	 0.667486 	 0.667520 	 0.666892 	 0.668181 
2.016000 	 0.667893 	 0.667566 	 0.666941 	 0.668226 
2.028000 	 0.666827 	 0.667620 	 0.667004 	 0.668279 
2.040000 	 0.662285 	 0.667677 	 0.667061 	 0.668330 
2.052000 	 0.667350 	 0.667730 	 0.667116 	 0.668385 
2.064000 	 0.670250 	 0.667771 	 0.667160 	 0.668425 
2.076000 	 0.665428 	 0.667810 	 0.667203 	 0.668463 
2.088000 	 0.668868 	 0.667826 	 0.667216 	 0.668478 
2.100000 	 0.661819 	 0.667837 	 0.667220 	 0.668483 
2.112000 	 0.664513 	 0.667837 	 0.667230 	 0.668482 
2.124000 	 0.665594 	 0.667849 	 0.667240 	 0.668492 
2.136000 	 0.665406 	 0.667864 	 0.667262 	 0.668505 
2.148000 	 0.664574 	 0.667899 	 0.667297 	 0.668542 
2.160000 	 0.668634 	 0.667920 	 0.667322 	 0.668559 
2.172000 	 0.668238 	 0.667942 	 0.667346 	 0.668581 
2.184000 	 0.669796 	 0.667966 	 0.667369 	 0.668613 
2.196000 	 0.667811 	 0.667976 	 0.667378 	 0.668625 
2.208000 	 0.667865 	 0.667976 	 0.667376 	 0.668619 
2.220000 	 0.663032 	 0.667958 	 0.667362 	 0.668596 
2.232000 	 0.668964 	 0.667938 	 0.667345 	 0.668568 
2.244000 	 0.663041 	 0.667912 	 0.667320 	 0.668544 
2.256000 	 0.671288 	 0.667893 	 0.667310 	 0.668523 
2.268000 	 0.666551 	 0.667879 	 0.667301 	 0.668504 
2.280000 	 0.670984 	 0.667873 	 0.667296 	 0.668494 
2.292000 	 0.666009 	 0.667877 	 0.667294 	 0.668500 
2.304000 	 0.669102 	 0.667879 	 0.667301 	 0.668503 
2.316000 	 0.669233 	 0.667880 	 0.667300 	 0.668509 
2.328000 	 0.668024 	 0.667870 	 0.667294 	 0.668493 
2.340000 	 0.675361 	 0.667843 	 0.667266 	 0.668462 
2.352000 	 0.666159 	 0.667806 	 0.667236 	 0.668424 
2.364000 	 0.666206 	 0.667761 	 0.667192 	 0.668372 
2.376000 	 0.664972 	 0.667720 	 0.667149 	 0.668320 
2.388000 	 0.668420 	 0.667673 	 0.667097 	 0.668269 
2.400000 	 0.665981 	 0.667634 	 0.667056 	 0.668225 
2.412000 	 0.669066 	 0.667598 	 0.667023 	 0.668186 
2.424000 	 0.672333 	 0.667578 	 0.666998 	 0.668159 
2.436000 	 0.668258 	 0.667547 	 0.666968 	 0.668132 
2.448000 	 0.668861 	 0.667528 	 0.666949 	 0.668117 
2.460000 	 0.665160 	 0.667491 	 0.666911 	 0.668088 
2.472000 	 0.670079 	 0.667461 	 0.666879 	 0.668056 
2.484000 	 0.669092 	 0.667422 	 0.666841 	 0.668020 
2.496000 	 0.668516 	 0.667369 	 0.666782 	 0.667969 
2.508000 	 0.664572 	 0.667317 	 0.666722 	 0.667916 
2.520000 	 0.675908 	 0.667249 	 0.666659 	 0.667850 
2.532000 	 0.669502 	 0.667181 	 0.666592 	 0.667782 
2.544000 	 0.669382 	 0.667131 	 0.666553 	 0.667742 
2.556000 	 0.664888 	 0.667075 	 0.666486 	 0.667684 
2.568000 	 0.661410 	 0.667027 	 0.666435 	 0.667634 
2.580000 	 0.666516 	 0.666984 	 0.666390 	 0.667589 
2.592000 	 0.669694 	 0.666937 	 0.666345 	 0.667542 
2.604000 	 0.670805 	 0.666896 	 0.666301 	 0.667502 
2.616000 	 0.670999 	 0.666850 	 0.666258 	 0.667458 
2.628000 	 0.667151 	 0.666801 	 0.666211 	 0.667400 
2.640000 	 0.666389 	 0.666750 	 0.666163 	 0.667357 
2.652000 	 0.667477 	 0.666696 	 0.666112 	 0.667303 
2.664000 	 0.664786 	 0.666633 	 0.666047 	 0.667242 
2.676000 	 0.667978 	 0.666557 	 0.665977 	 0.667163 
2.688000 	 0.664907 	 0.666476 	 0.665896 	 0.667079 
2.700000 	 0.668785 	 0.666396 	 0.665816 	 0.667002 
2.712000 	 0.670529 	 0.666319 	 0.665744 	 0.666924 
2.724000 	 0.665732 	 0.666260 	 0.665677 	 0.666859 
2.736000 	 0.664255 	 0.666196 	 0.665610 	 0.666797 
2.748000 	 0.667688 	 0.666146 	 0.665556 	 0.666738 
2.760000 	 0.673694 	 0.666099 	 0.665502 	 0.666691 
2.772000 	 0.665012 	 0.666055 	 0.665462 	 0.666658 
2.784000 	 0.667674 	 0.666015 	 0.665421 	 0.666616 
2.796000 	 0.670785 	 0.665958 	 0.665359 	 0.666562 
2.808000 	 0.662454 	 0.665890 	 0.665286 	 0.666491 
2.820000 	 0.661614 	 0.665819 	 0.665222 	 0.666423 
2.832000 	 0.664209 	 0.665731 	 0.665140 	 0.666328 
2.844000 	 0.668938 	 0.665644 	 0.665050 	 0.666237 
2.856000 	 0.666332 	 0.665553 	 0.664958 	 0.666145 
2.868000 	 0.665095 	 0.665459 	 0.664868 	 0.666054 
2.880000 	 0.665013 	 0.665376 	 0.664783 	 0.665973 
2.892000 	 0.660838 	 0.665306 	 0.664701 	 0.665905 
2.904000 	 0.664385 	 0.665245 	 0.664628 	 0.665841 
2.916000 	 0.670203 	 0.665191 	 0.664571 	 0.665787 
2.928000 	 0.674697 	 0.665152 	 0.664532 	 0.665745 
2.940000 	 0.667000 	 0.665111 	 0.664495 	 0.665713 
2.952000 	 0.665740 	 0.665076 	 0.664454 	 0.665673 
2.964000 	 0.671038 	 0.665021 	 0.664397 	 0.665619 
2.976000 	 0.658916 	 0.664952 	 0.664322 	 0.665548 
2.988000 	 0.665932 	 0.664863 	 0.664233 	 0.665461 
3.000000 	 0.660807 	 0.664764 	 0.664138 	 0.665375 
3.012000 	 0.663630 	 0.664660 	 0.664034 	 0.665278 
3.024000 	 0.660855 	 0.664562 	 0.663930 	 0.665171 
3.036000 	 0.663630 	 0.664470 	 0.663838 	 0.665075 
3.048000 	 0.663287 	 0.664388 	 0.663754 	 0.664993 
3.060000 	 0.661541 	 0.664323 	 0.663679 	 0.664925 
3.072000 	 0.660973 	 0.664264 	 0.663616 	 0.664869 
3.084000 	 0.667232 	 0.664215 	 0.663569 	 0.664823 
3.096000 	 0.667477 	 0.664172 	 0.663515 	 0.664778 
3.108000 	 0.662044 	 0.664130 	 0.663470 	 0.664732 
3.120000 	 0.660913 	 0.664085 	 0.663417 	 0.664688 
3.132000 	 0.663995 	 0.664037 	 0.663360 	 0.664634 
3.144000 	 0.667758 	 0.663980 	 0.663296 	 0.664574 
3.156000 	 0.667037 	 0.663899 	 0.663211 	 0.664500 
3.168000 	 0.658928 	 0.663815 	 0.663117 	 0.664419 
3.180000 	 0.665303 	 0.663722 	 0.663014 	 0.664324 
3.192000 	 0.661428 	 0.663616 	 0.662904 	 0.664228 
3.204000 	 0.670738 	 0.663518 	 0.662803 	 0.664146 
3.216000 	 0.661692 	 0.663432 	 0.662716 	 0.664058 
3.228000 	 0.661797 	 0.663354 	 0.662642 	 0.663988 
3.240000 	 0.663440 	 0.663294 	 0.662578 	 0.663928 
3.252000 	 0.665074 	 0.663251 	 0.662521 	 0.663892 
3.264000 	 0.655571 	 0.663207 	 0.662467 	 0.663859 
3.276000 	 0.660687 	 0.663165 	 0.662420 	 0.663820 
3.288000 	 0.668543 	 0.663121 	 0.662370 	 0.663782 
3.300000 	 0.660400 	 0.663087 	 0.662316 	 0.663743 
3.312000 	 0.666376 	 0.663025 	 0.662249 	 0.663694 
3.324000 	 0.660938 	 0.662961 	 0.662176 	 0.663639 
3.336000 	 0.660656 	 0.662881 	 0.662092 	 0.663568 
3.348000 	 0.662801 	 0.662811 	 0.662005 	 0.663507 
3.360000 	 0.664840 	 0.662722 	 0.661912 	 0.663420 
3.372000 	 0.660980 	 0.662630 	 0.661813 	 0.663336 
3.384000 	 0.660111 	 0.662552 	 0.661723 	 0.663262 
3.396000 	 0.663926 	 0.662465 	 0.661622 	 0.663190 
3.408000 	 0.669192 	 0.662388 	 0.661536 	 0.663121 
3.420000 	 0.661026 	 0.662324 	 0.661472 	 0.663063 
3.432000 	 0.662428 	 0.662259 	 0.661401 	 0.663009 
3.444000 	 0.663869 	 0.662209 	 0.661342 	 0.662969 
3.456000 	 0.659188 	 0.662169 	 0.661295 	 0.662936 
3.468000 	 0.658187 	 0.662134 	 0.661247 	 0.662902 
3.480000 	 0.657683 	 0.662103 	 0.661204 	 0.662877 
3.492000 	 0.658749 	 0.662068 	 0.661156 	 0.662845 
3.504000 	 0.659707 	 0.662021 	 0.661094 	 0.662815 
3.516000 	 0.661351 	 0.661975 	 0.661024 	 0.662775 
3.528000 	 0.657626 	 0.661913 	 0.660955 	 0.662725 
3.540000 	 0.662008 	 0.661836 	 0.660851 	 0.662659 
3.552000 	 0.658910 	 0.661757 	 0.660749 	 0.662587 
3.564000 	 0.665826 	 0.661669 	 0.660631 	 0.662512 
3.576000 	 0.666109 	 0.661592 	 0.660545 	 0.662444 
3.588000 	 0.662971 	 0.661516 	 0.660460 	 0.662376 
3.600000 	 0.661117 	 0.661444 	 0.660379 	 0.662314 
3.612000 	 0.659119 	 0.661380 	 0.660290 	 0.662258 
3.624000 	 0.661072 	 0.661327 	 0.660218 	 0.662220 
3.636000 	 0.667524 	 0.661276 	 0.660141 	 0.662174 
3.648000 	 0.655691 	 0.661233 	 0.660085 	 0.662143 
3.660000 	 0.658072 	 0.661199 	 0.660032 	 0.662116 
3.672000 	 0.660734 	 0.661169 	 0.659989 	 0.662098 
3.684000 	 0.660621 	 0.661135 	 0.659934 	 0.662083 
3.696000 	 0.661041 	 0.661112 	 0.659893 	 0.662066 
3.708000 	 0.660050 	 0.661090 	 0.659843 	 0.662046 
3.720000 	 0.661431 	 0.661056 	 0.659786 	 0.662027 
3.732000 	 0.663501 	 0.661016 	 0.659721 	 0.661995 
