0.000000 	 0.011475 	 0.000000 	 0.046760 
0.040134 	 0.011047 	 0.000000 	 0.044966 
0.080268 	 0.010563 	 0.000000 	 0.043237 
0.120401 	 0.010145 	 0.000000 	 0.041557 
0.160535 	 0.009730 	 0.000000 	 0.039803 
0.200669 	 0.009370 	 0.000000 	 0.038000 
0.240803 	 0.008948 	 0.000000 	 0.036458 
0.280936 	 0.008587 	 0.000000 	 0.035003 
0.321070 	 0.008229 	 0.000000 	 0.033659 
0.361204 	 0.007800 	 0.000000 	 0.032266 
0.401338 	 0.007350 	 0.000000 	 0.030862 
0.441472 	 0.006931 	 0.000000 	 0.029243 
0.481605 	 0.006436 	 0.000000 	 0.027615 
0.521739 	 0.006070 	 0.000000 	 0.026000 
0.561873 	 0.005696 	 0.000000 	 0.024469 
0.602007 	 0.005294 	 0.000000 	 0.023008 
0.642140 	 0.004951 	 0.000000 	 0.021645 
0.682274 	 0.004540 	 0.000000 	 0.019973 
0.722408 	 0.004183 	 0.000000 	 0.018432 
0.762542 	 0.003852 	 0.000000 	 0.017086 
0.802676 	 0.003502 	 0.000000 	 0.015910 
0.842809 	 0.003209 	 0.000000 	 0.014633 
0.882943 	 0.002828 	 0.000000 	 0.013334 
0.923077 	 0.002540 	 0.000000 	 0.012053 
0.963211 	 0.002221 	 0.000000 	 0.011039 
1.003344 	 0.001886 	 0.000000 	 0.009920 
1.043478 	 0.001564 	 0.000000 	 0.008823 
1.083612 	 0.001330 	 0.000000 	 0.008190 
1.123746 	 0.001107 	 0.000000 	 0.007594 
1.163880 	 0.000888 	 0.000000 	 0.007254 
1.204013 	 0.000660 	 0.000000 	 0.006846 
1.244147 	 0.000482 	 0.000000 	 0.006512 
1.284281 	 0.000325 	 0.000000 	 0.006404 
1.324415 	 0.000210 	 0.000000 	 0.006393 
1.364548 	 0.000118 	 0.000000 	 0.006393 
1.404682 	 0.000075 	 0.000000 	 0.006522 
1.444816 	 0.000063 	 0.000000 	 0.007149 
1.484950 	 0.000062 	 0.000000 	 0.007703 
1.525084 	 0.000088 	 0.000000 	 0.008308 
1.565217 	 0.000166 	 0.000000 	 0.008985 
1.605351 	 0.000404 	 0.000000 	 0.009989 
1.645485 	 0.000811 	 0.000000 	 0.011102 
1.685619 	 0.001412 	 0.000000 	 0.012398 
1.725753 	 0.002231 	 0.000085 	 0.013892 
1.765886 	 0.003320 	 0.000333 	 0.015590 
1.806020 	 0.004696 	 0.000799 	 0.017044 
1.846154 	 0.006369 	 0.001529 	 0.019065 
1.886288 	 0.008416 	 0.002624 	 0.021448 
1.926421 	 0.010892 	 0.004046 	 0.024230 
1.966555 	 0.013753 	 0.005991 	 0.027062 
2.006689 	 0.017043 	 0.008445 	 0.030524 
2.046823 	 0.020757 	 0.011232 	 0.034078 
2.086957 	 0.024942 	 0.014460 	 0.038190 
2.127090 	 0.029549 	 0.018491 	 0.042828 
2.167224 	 0.034519 	 0.022934 	 0.047967 
2.207358 	 0.040052 	 0.027575 	 0.053703 
2.247492 	 0.046038 	 0.032857 	 0.059519 
2.287625 	 0.052529 	 0.038907 	 0.065432 
2.327759 	 0.059542 	 0.045715 	 0.072365 
2.367893 	 0.067134 	 0.052983 	 0.080066 
2.408027 	 0.075226 	 0.060770 	 0.087945 
2.448161 	 0.083939 	 0.069140 	 0.096331 
2.488294 	 0.093151 	 0.077906 	 0.105382 
2.528428 	 0.102880 	 0.087847 	 0.115329 
2.568562 	 0.113109 	 0.097758 	 0.125342 
2.608696 	 0.123772 	 0.107911 	 0.136002 
2.648829 	 0.134921 	 0.118498 	 0.147360 
2.688963 	 0.146647 	 0.129793 	 0.159148 
2.729097 	 0.158626 	 0.141435 	 0.170913 
2.769231 	 0.171060 	 0.152894 	 0.183364 
2.809365 	 0.183931 	 0.164440 	 0.196171 
2.849498 	 0.197250 	 0.176188 	 0.209920 
2.889632 	 0.210809 	 0.188274 	 0.223539 
2.929766 	 0.224564 	 0.201243 	 0.237394 
2.969900 	 0.238395 	 0.213902 	 0.251532 
3.010033 	 0.252547 	 0.226787 	 0.265590 
3.050167 	 0.266594 	 0.239539 	 0.280139 
3.090301 	 0.280828 	 0.251935 	 0.294615 
3.130435 	 0.294889 	 0.264793 	 0.309222 
3.170569 	 0.309061 	 0.277231 	 0.323712 
3.210702 	 0.322993 	 0.289053 	 0.337643 
3.250836 	 0.336623 	 0.301597 	 0.351776 
3.290970 	 0.350352 	 0.313894 	 0.365452 
3.331104 	 0.363639 	 0.325351 	 0.378611 
3.371237 	 0.376405 	 0.336289 	 0.391492 
3.411371 	 0.388662 	 0.347016 	 0.404242 
3.451505 	 0.400570 	 0.357655 	 0.416598 
3.491639 	 0.411704 	 0.367330 	 0.428267 
3.531773 	 0.422416 	 0.376729 	 0.438983 
3.571906 	 0.432386 	 0.385682 	 0.449362 
3.612040 	 0.441803 	 0.393697 	 0.458932 
3.652174 	 0.450170 	 0.400957 	 0.467621 
3.692308 	 0.457438 	 0.407342 	 0.475282 
3.732441 	 0.464218 	 0.412951 	 0.482083 
3.772575 	 0.470164 	 0.417884 	 0.488001 
3.812709 	 0.474909 	 0.421671 	 0.492899 
3.852843 	 0.478669 	 0.424692 	 0.496342 
3.892977 	 0.481443 	 0.426982 	 0.498997 
3.933110 	 0.483270 	 0.428477 	 0.500637 
3.973244 	 0.484104 	 0.429074 	 0.500956 
4.013378 	 0.483971 	 0.428581 	 0.500570 
4.053512 	 0.482603 	 0.427118 	 0.499454 
4.093645 	 0.480200 	 0.425087 	 0.496614 
4.133779 	 0.476873 	 0.421910 	 0.493494 
4.173913 	 0.472346 	 0.417820 	 0.488894 
4.214047 	 0.467111 	 0.413106 	 0.483288 
4.254181 	 0.460868 	 0.407320 	 0.477053 
4.294314 	 0.453697 	 0.400642 	 0.469736 
4.334448 	 0.445450 	 0.393138 	 0.461949 
4.374582 	 0.436562 	 0.384962 	 0.452466 
4.414716 	 0.426828 	 0.376194 	 0.442635 
4.454849 	 0.416464 	 0.367019 	 0.431988 
4.494983 	 0.405222 	 0.356706 	 0.420638 
4.535117 	 0.393715 	 0.345980 	 0.408739 
4.575251 	 0.381171 	 0.335180 	 0.395243 
4.615385 	 0.368200 	 0.323549 	 0.382253 
4.655518 	 0.354830 	 0.311960 	 0.368640 
4.695652 	 0.340819 	 0.299611 	 0.354526 
4.735786 	 0.326422 	 0.287278 	 0.339467 
4.775920 	 0.311833 	 0.274876 	 0.324799 
4.816054 	 0.296949 	 0.262027 	 0.309803 
4.856187 	 0.281887 	 0.249387 	 0.294301 
4.896321 	 0.266703 	 0.236741 	 0.278833 
4.936455 	 0.251273 	 0.224087 	 0.263271 
4.976589 	 0.235928 	 0.211366 	 0.247363 
5.016722 	 0.220611 	 0.198688 	 0.231557 
5.056856 	 0.205300 	 0.186126 	 0.216364 
5.096990 	 0.190414 	 0.173558 	 0.201013 
5.137124 	 0.175656 	 0.161378 	 0.186112 
5.177258 	 0.161470 	 0.149347 	 0.171343 
5.217391 	 0.147715 	 0.137280 	 0.157380 
5.257525 	 0.134437 	 0.125479 	 0.144075 
5.297659 	 0.121501 	 0.114286 	 0.131475 
5.337793 	 0.109255 	 0.102442 	 0.119541 
5.377926 	 0.097661 	 0.090882 	 0.108342 
5.418060 	 0.086765 	 0.079756 	 0.097399 
5.458194 	 0.076374 	 0.068979 	 0.086915 
5.498328 	 0.066623 	 0.058687 	 0.076930 
5.538462 	 0.057740 	 0.049422 	 0.067444 
5.578595 	 0.049480 	 0.041034 	 0.059043 
5.618729 	 0.041792 	 0.033043 	 0.051162 
5.658863 	 0.034902 	 0.026218 	 0.043992 
5.698997 	 0.028659 	 0.020387 	 0.037564 
5.739130 	 0.023143 	 0.015446 	 0.031545 
5.779264 	 0.018250 	 0.011167 	 0.026303 
5.819398 	 0.014110 	 0.007712 	 0.021718 
5.859532 	 0.010564 	 0.005019 	 0.017796 
5.899666 	 0.007628 	 0.003031 	 0.014137 
5.939799 	 0.005260 	 0.001626 	 0.011011 
5.979933 	 0.003439 	 0.000708 	 0.008309 
6.020067 	 0.002068 	 0.000211 	 0.006061 
6.060201 	 0.001105 	 0.000024 	 0.004290 
6.100334 	 0.000490 	 0.000000 	 0.002831 
6.140468 	 0.000154 	 0.000000 	 0.001756 
6.180602 	 0.000021 	 0.000000 	 0.001004 
6.220736 	 0.000000 	 0.000000 	 0.000494 
6.260870 	 0.000000 	 0.000000 	 0.000192 
6.301003 	 0.000000 	 0.000000 	 0.000045 
6.341137 	 0.000000 	 0.000000 	 0.000007 
6.381271 	 0.000000 	 0.000000 	 0.000000 
6.421405 	 0.000000 	 0.000000 	 0.000000 
6.461538 	 0.000000 	 0.000000 	 0.000001 
6.501672 	 0.000000 	 0.000000 	 0.000008 
6.541806 	 0.000000 	 0.000000 	 0.000030 
6.581940 	 0.000000 	 0.000000 	 0.000068 
6.622074 	 0.000000 	 0.000000 	 0.000125 
6.662207 	 0.000000 	 0.000000 	 0.000200 
6.702341 	 0.000000 	 0.000000 	 0.000291 
6.742475 	 0.000000 	 0.000000 	 0.000442 
6.782609 	 0.000000 	 0.000000 	 0.000605 
6.822742 	 0.000000 	 0.000000 	 0.000797 
6.862876 	 0.000000 	 0.000000 	 0.001009 
6.903010 	 0.000000 	 0.000000 	 0.001204 
6.943144 	 0.000000 	 0.000000 	 0.001409 
6.983278 	 0.000000 	 0.000000 	 0.001621 
7.023411 	 0.000000 	 0.000000 	 0.001913 
7.063545 	 0.000000 	 0.000000 	 0.002257 
7.103679 	 0.000000 	 0.000000 	 0.002622 
7.143813 	 0.000000 	 0.000000 	 0.003007 
7.183946 	 0.000000 	 0.000000 	 0.003331 
7.224080 	 0.000000 	 0.000000 	 0.003687 
7.264214 	 0.000000 	 0.000000 	 0.004092 
7.304348 	 0.000000 	 0.000000 	 0.004378 
7.344482 	 0.000000 	 0.000000 	 0.004592 
7.384615 	 0.000000 	 0.000000 	 0.004781 
7.424749 	 0.000000 	 0.000000 	 0.004942 
7.464883 	 0.000000 	 0.000000 	 0.005074 
7.505017 	 0.000000 	 0.000000 	 0.005174 
7.545151 	 0.000000 	 0.000000 	 0.005242 
7.585284 	 0.000000 	 0.000000 	 0.005386 
7.625418 	 0.000000 	 0.000000 	 0.005700 
7.665552 	 0.000000 	 0.000000 	 0.006014 
7.705686 	 0.000000 	 0.000000 	 0.006305 
7.745819 	 0.000000 	 0.000000 	 0.006499 
7.785953 	 0.000000 	 0.000000 	 0.006614 
7.826087 	 0.000000 	 0.000000 	 0.006771 
7.866221 	 0.000000 	 0.000000 	 0.006896 
7.906355 	 0.000000 	 0.000000 	 0.006986 
7.946488 	 0.000000 	 0.000000 	 0.007041 
7.986622 	 0.000000 	 0.000000 	 0.006916 
8.026756 	 0.000000 	 0.000000 	 0.006736 
8.066890 	 0.000000 	 0.000000 	 0.006656 
8.107023 	 0.000000 	 0.000000 	 0.006569 
8.147157 	 0.000000 	 0.000000 	 0.006491 
8.187291 	 0.000000 	 0.000000 	 0.006381 
8.227425 	 0.000000 	 0.000000 	 0.006236 
8.267559 	 0.000000 	 0.000000 	 0.006238 
8.307692 	 0.000000 	 0.000000 	 0.006025 
8.347826 	 0.000000 	 0.000000 	 0.005714 
8.387960 	 0.000000 	 0.000000 	 0.005594 
8.428094 	 0.000000 	 0.000000 	 0.005781 
8.468227 	 0.000000 	 0.000000 	 0.005952 
8.508361 	 0.000000 	 0.000000 	 0.005579 
8.548495 	 0.000000 	 0.000000 	 0.005236 
8.588629 	 0.000000 	 0.000000 	 0.005010 
8.628763 	 0.000000 	 0.000000 	 0.005120 
8.668896 	 0.000000 	 0.000000 	 0.005282 
8.709030 	 0.000000 	 0.000000 	 0.005400 
8.749164 	 0.000000 	 0.000000 	 0.005617 
8.789298 	 0.000000 	 0.000000 	 0.005996 
8.829431 	 0.000000 	 0.000000 	 0.006289 
8.869565 	 0.000000 	 0.000000 	 0.006087 
8.909699 	 0.000000 	 0.000000 	 0.006079 
8.949833 	 0.000000 	 0.000000 	 0.006337 
8.989967 	 0.000000 	 0.000000 	 0.006340 
9.030100 	 0.000000 	 0.000000 	 0.006668 
9.070234 	 0.000000 	 0.000000 	 0.007139 
9.110368 	 0.000000 	 0.000000 	 0.007525 
9.150502 	 0.000000 	 0.000000 	 0.007918 
9.190635 	 0.000000 	 0.000000 	 0.008013 
9.230769 	 0.000000 	 0.000000 	 0.008192 
9.270903 	 0.000000 	 0.000000 	 0.008062 
9.311037 	 0.000000 	 0.000000 	 0.008414 
9.351171 	 0.000000 	 0.000000 	 0.008715 
9.391304 	 0.000000 	 0.000000 	 0.009044 
9.431438 	 0.000000 	 0.000000 	 0.009374 
9.471572 	 0.000000 	 0.000000 	 0.009761 
9.511706 	 0.000000 	 0.000000 	 0.010248 
9.551839 	 0.000000 	 0.000000 	 0.010810 
9.591973 	 0.000000 	 0.000000 	 0.011375 
9.632107 	 0.000000 	 0.000000 	 0.011941 
9.672241 	 0.000000 	 0.000000 	 0.012284 
9.712375 	 0.000000 	 0.000000 	 0.012594 
9.752508 	 0.000000 	 0.000000 	 0.013069 
9.792642 	 0.000000 	 0.000000 	 0.013350 
9.832776 	 0.000000 	 0.000000 	 0.013447 
9.872910 	 0.000000 	 0.000000 	 0.013669 
9.913043 	 0.000000 	 0.000000 	 0.013967 
9.953177 	 0.000000 	 0.000000 	 0.013951 
9.993311 	 0.000000 	 0.000000 	 0.013952 
10.033445 	 0.000000 	 0.000000 	 0.014260 
10.073579 	 0.000000 	 0.000000 	 0.014460 
10.113712 	 0.000000 	 0.000000 	 0.014752 
10.153846 	 0.000000 	 0.000000 	 0.015008 
10.193980 	 0.000000 	 0.000000 	 0.015145 
10.234114 	 0.000000 	 0.000000 	 0.015614 
10.274247 	 0.000000 	 0.000000 	 0.015831 
10.314381 	 0.000000 	 0.000000 	 0.016035 
10.354515 	 0.000000 	 0.000000 	 0.016648 
10.394649 	 0.000000 	 0.000000 	 0.017123 
10.434783 	 0.000000 	 0.000000 	 0.017655 
10.474916 	 0.000000 	 0.000000 	 0.018498 
10.515050 	 0.000000 	 0.000000 	 0.019416 
10.555184 	 0.000000 	 0.000000 	 0.020645 
10.595318 	 0.000000 	 0.000000 	 0.022409 
10.635452 	 0.000000 	 0.000000 	 0.024129 
10.675585 	 0.000000 	 0.000000 	 0.025997 
10.715719 	 0.000000 	 0.000000 	 0.027674 
10.755853 	 0.000000 	 0.000000 	 0.029669 
10.795987 	 0.000000 	 0.000000 	 0.032028 
10.836120 	 0.000000 	 0.000000 	 0.033990 
10.876254 	 0.000000 	 0.000000 	 0.036355 
10.916388 	 0.000000 	 0.000000 	 0.038418 
10.956522 	 0.000000 	 0.000000 	 0.041170 
10.996656 	 0.000000 	 0.000000 	 0.044160 
11.036789 	 0.000001 	 0.000000 	 0.046742 
11.076923 	 0.000004 	 0.000000 	 0.049507 
11.117057 	 0.000009 	 0.000000 	 0.052199 
11.157191 	 0.000016 	 0.000000 	 0.054934 
11.197324 	 0.000026 	 0.000000 	 0.057832 
11.237458 	 0.000038 	 0.000000 	 0.060497 
11.277592 	 0.000053 	 0.000000 	 0.063193 
11.317726 	 0.000064 	 0.000000 	 0.066084 
11.357860 	 0.000077 	 0.000000 	 0.069011 
11.397993 	 0.000099 	 0.000000 	 0.071965 
11.438127 	 0.000124 	 0.000000 	 0.074943 
11.478261 	 0.000152 	 0.000000 	 0.077942 
11.518395 	 0.000180 	 0.000000 	 0.080959 
11.558528 	 0.000210 	 0.000000 	 0.084046 
11.598662 	 0.000244 	 0.000000 	 0.087153 
11.638796 	 0.000266 	 0.000000 	 0.090273 
11.678930 	 0.000278 	 0.000000 	 0.093402 
11.719064 	 0.000304 	 0.000000 	 0.096596 
11.759197 	 0.000278 	 0.000000 	 0.099795 
11.799331 	 0.000265 	 0.000000 	 0.102973 
11.839465 	 0.000282 	 0.000000 	 0.106117 
11.879599 	 0.000310 	 0.000000 	 0.109363 
11.919732 	 0.000324 	 0.000000 	 0.112611 
11.959866 	 0.000279 	 0.000000 	 0.115860 
12.000000 	 0.000144 	 0.000000 	 0.119015 
