0.000000 	 0.999570 	 1.002469 	 0.998453 	 1.006827 
0.020000 	 0.998909 	 0.997505 	 0.994260 	 1.000501 
0.040000 	 0.987769 	 0.986912 	 0.984269 	 0.989035 
0.060000 	 0.969151 	 0.971709 	 0.969278 	 0.973695 
0.080000 	 0.957029 	 0.953869 	 0.951621 	 0.955961 
0.100000 	 0.938897 	 0.934886 	 0.932703 	 0.937001 
0.120000 	 0.913898 	 0.915803 	 0.913701 	 0.917805 
0.140000 	 0.899230 	 0.897174 	 0.895120 	 0.899118 
0.160000 	 0.878067 	 0.879387 	 0.877459 	 0.881255 
0.180000 	 0.867250 	 0.862683 	 0.860783 	 0.864392 
0.200000 	 0.845507 	 0.847081 	 0.845332 	 0.848756 
0.220000 	 0.830502 	 0.832622 	 0.830887 	 0.834244 
0.240000 	 0.815157 	 0.819277 	 0.817579 	 0.820879 
0.260000 	 0.809081 	 0.807040 	 0.805345 	 0.808569 
0.280000 	 0.793612 	 0.795836 	 0.794165 	 0.797279 
0.300000 	 0.785521 	 0.785573 	 0.783978 	 0.787020 
0.320000 	 0.771396 	 0.776255 	 0.774729 	 0.777667 
0.340000 	 0.765034 	 0.767762 	 0.766311 	 0.769166 
0.360000 	 0.758958 	 0.760039 	 0.758671 	 0.761444 
0.380000 	 0.754593 	 0.753015 	 0.751731 	 0.754396 
0.400000 	 0.748123 	 0.746676 	 0.745426 	 0.748025 
0.420000 	 0.739782 	 0.740948 	 0.739695 	 0.742215 
0.440000 	 0.736354 	 0.735778 	 0.734520 	 0.737021 
0.460000 	 0.738811 	 0.731088 	 0.729852 	 0.732286 
0.480000 	 0.728627 	 0.726869 	 0.725656 	 0.728050 
0.500000 	 0.722659 	 0.723118 	 0.721872 	 0.724235 
0.520000 	 0.719996 	 0.719729 	 0.718516 	 0.720817 
0.540000 	 0.716437 	 0.716713 	 0.715508 	 0.717803 
0.560000 	 0.713826 	 0.714003 	 0.712848 	 0.715059 
0.580000 	 0.713683 	 0.711615 	 0.710507 	 0.712652 
0.600000 	 0.707955 	 0.709483 	 0.708370 	 0.710510 
0.620000 	 0.707783 	 0.707605 	 0.706472 	 0.708599 
0.640000 	 0.709407 	 0.705959 	 0.704889 	 0.706930 
0.660000 	 0.704587 	 0.704516 	 0.703452 	 0.705482 
0.680000 	 0.702429 	 0.703254 	 0.702216 	 0.704239 
0.700000 	 0.698924 	 0.702176 	 0.701156 	 0.703136 
0.720000 	 0.695675 	 0.701227 	 0.700232 	 0.702183 
0.740000 	 0.696738 	 0.700442 	 0.699454 	 0.701436 
0.760000 	 0.702978 	 0.699780 	 0.698797 	 0.700768 
0.780000 	 0.699064 	 0.699226 	 0.698215 	 0.700198 
0.800000 	 0.700206 	 0.698792 	 0.697778 	 0.699759 
0.820000 	 0.695409 	 0.698452 	 0.697429 	 0.699438 
0.840000 	 0.700946 	 0.698178 	 0.697156 	 0.699171 
0.860000 	 0.697131 	 0.698002 	 0.696952 	 0.698970 
0.880000 	 0.698465 	 0.697886 	 0.696828 	 0.698856 
0.900000 	 0.697868 	 0.697839 	 0.696751 	 0.698792 
0.920000 	 0.696873 	 0.697837 	 0.696768 	 0.698806 
0.940000 	 0.699807 	 0.697894 	 0.696852 	 0.698854 
0.960000 	 0.699942 	 0.697989 	 0.696933 	 0.698938 
0.980000 	 0.695839 	 0.698127 	 0.697105 	 0.699078 
1.000000 	 0.697381 	 0.698292 	 0.697264 	 0.699238 
1.020000 	 0.701037 	 0.698495 	 0.697473 	 0.699432 
1.040000 	 0.696229 	 0.698725 	 0.697734 	 0.699644 
1.060000 	 0.701713 	 0.698967 	 0.698018 	 0.699901 
1.080000 	 0.699085 	 0.699240 	 0.698316 	 0.700163 
1.100000 	 0.699218 	 0.699532 	 0.698627 	 0.700447 
1.120000 	 0.699228 	 0.699839 	 0.698939 	 0.700723 
1.140000 	 0.698273 	 0.700151 	 0.699251 	 0.701026 
1.160000 	 0.708527 	 0.700483 	 0.699600 	 0.701348 
1.180000 	 0.694981 	 0.700831 	 0.699964 	 0.701686 
1.200000 	 0.694142 	 0.701173 	 0.700299 	 0.702029 
1.220000 	 0.703067 	 0.701526 	 0.700645 	 0.702378 
1.240000 	 0.698039 	 0.701880 	 0.700988 	 0.702714 
1.260000 	 0.700083 	 0.702224 	 0.701331 	 0.703056 
1.280000 	 0.698786 	 0.702580 	 0.701677 	 0.703408 
1.300000 	 0.698152 	 0.702935 	 0.702022 	 0.703777 
1.320000 	 0.700501 	 0.703280 	 0.702367 	 0.704142 
1.340000 	 0.700537 	 0.703613 	 0.702724 	 0.704466 
1.360000 	 0.700297 	 0.703936 	 0.703073 	 0.704784 
1.380000 	 0.705853 	 0.704267 	 0.703410 	 0.705114 
1.400000 	 0.704059 	 0.704580 	 0.703731 	 0.705427 
1.420000 	 0.707627 	 0.704889 	 0.704030 	 0.705752 
1.440000 	 0.705896 	 0.705187 	 0.704328 	 0.706049 
1.460000 	 0.710152 	 0.705478 	 0.704639 	 0.706352 
1.480000 	 0.706290 	 0.705770 	 0.704912 	 0.706636 
1.500000 	 0.708664 	 0.706034 	 0.705166 	 0.706913 
1.520000 	 0.707481 	 0.706277 	 0.705412 	 0.707162 
1.540000 	 0.711448 	 0.706511 	 0.705640 	 0.707407 
1.560000 	 0.711401 	 0.706743 	 0.705872 	 0.707666 
1.580000 	 0.709907 	 0.706972 	 0.706093 	 0.707906 
1.600000 	 0.703867 	 0.707168 	 0.706277 	 0.708120 
1.620000 	 0.707490 	 0.707354 	 0.706445 	 0.708293 
1.640000 	 0.711627 	 0.707530 	 0.706617 	 0.708468 
1.660000 	 0.712950 	 0.707702 	 0.706787 	 0.708636 
1.680000 	 0.709176 	 0.707864 	 0.706960 	 0.708797 
1.700000 	 0.715153 	 0.708002 	 0.707099 	 0.708943 
1.720000 	 0.702995 	 0.708119 	 0.707219 	 0.709069 
1.740000 	 0.703443 	 0.708232 	 0.707342 	 0.709161 
1.760000 	 0.710745 	 0.708345 	 0.707479 	 0.709270 
1.780000 	 0.708332 	 0.708444 	 0.707581 	 0.709364 
1.800000 	 0.711334 	 0.708529 	 0.707678 	 0.709433 
1.820000 	 0.705667 	 0.708594 	 0.707758 	 0.709502 
1.840000 	 0.707552 	 0.708661 	 0.707813 	 0.709553 
1.860000 	 0.710971 	 0.708706 	 0.707874 	 0.709566 
1.880000 	 0.710486 	 0.708751 	 0.707937 	 0.709591 
1.900000 	 0.707878 	 0.708797 	 0.707979 	 0.709626 
1.920000 	 0.707519 	 0.708830 	 0.708028 	 0.709653 
1.940000 	 0.710317 	 0.708860 	 0.708055 	 0.709647 
1.960000 	 0.705378 	 0.708878 	 0.708089 	 0.709651 
1.980000 	 0.709762 	 0.708884 	 0.708069 	 0.709627 
2.000000 	 0.712549 	 0.708872 	 0.708052 	 0.709599 
2.020000 	 0.705851 	 0.708867 	 0.708055 	 0.709590 
2.040000 	 0.711030 	 0.708868 	 0.708067 	 0.709596 
2.060000 	 0.710148 	 0.708877 	 0.708084 	 0.709595 
2.080000 	 0.711889 	 0.708859 	 0.708046 	 0.709593 
2.100000 	 0.708788 	 0.708815 	 0.707986 	 0.709539 
2.120000 	 0.709802 	 0.708764 	 0.707941 	 0.709496 
2.140000 	 0.709073 	 0.708738 	 0.707900 	 0.709492 
2.160000 	 0.706175 	 0.708726 	 0.707890 	 0.709487 
2.180000 	 0.709618 	 0.708708 	 0.707867 	 0.709508 
2.200000 	 0.709526 	 0.708681 	 0.707830 	 0.709508 
2.220000 	 0.710868 	 0.708629 	 0.707764 	 0.709476 
2.240000 	 0.706378 	 0.708567 	 0.707696 	 0.709421 
2.260000 	 0.704948 	 0.708512 	 0.707626 	 0.709373 
2.280000 	 0.707083 	 0.708484 	 0.707580 	 0.709349 
2.300000 	 0.708464 	 0.708471 	 0.707554 	 0.709364 
2.320000 	 0.708826 	 0.708450 	 0.707522 	 0.709368 
2.340000 	 0.710391 	 0.708407 	 0.707477 	 0.709350 
2.360000 	 0.710602 	 0.708348 	 0.707418 	 0.709297 
2.380000 	 0.704319 	 0.708293 	 0.707359 	 0.709229 
2.400000 	 0.707208 	 0.708249 	 0.707303 	 0.709180 
2.420000 	 0.709304 	 0.708220 	 0.707253 	 0.709154 
2.440000 	 0.707732 	 0.708205 	 0.707235 	 0.709164 
2.460000 	 0.706449 	 0.708189 	 0.707208 	 0.709168 
2.480000 	 0.701725 	 0.708156 	 0.707175 	 0.709143 
2.500000 	 0.706772 	 0.708119 	 0.707152 	 0.709095 
2.520000 	 0.706439 	 0.708070 	 0.707132 	 0.709038 
2.540000 	 0.709013 	 0.708023 	 0.707089 	 0.708984 
2.560000 	 0.706609 	 0.707995 	 0.707072 	 0.708944 
2.580000 	 0.707258 	 0.707978 	 0.707048 	 0.708916 
2.600000 	 0.710215 	 0.707959 	 0.707040 	 0.708890 
2.620000 	 0.702792 	 0.707944 	 0.707026 	 0.708875 
2.640000 	 0.708035 	 0.707927 	 0.707010 	 0.708861 
2.660000 	 0.709903 	 0.707904 	 0.706989 	 0.708818 
2.680000 	 0.700915 	 0.707868 	 0.706957 	 0.708740 
2.700000 	 0.702799 	 0.707825 	 0.706931 	 0.708661 
2.720000 	 0.703595 	 0.707797 	 0.706912 	 0.708609 
2.740000 	 0.707185 	 0.707777 	 0.706897 	 0.708581 
2.760000 	 0.706287 	 0.707772 	 0.706901 	 0.708574 
2.780000 	 0.704777 	 0.707785 	 0.706913 	 0.708581 
2.800000 	 0.706615 	 0.707785 	 0.706910 	 0.708566 
2.820000 	 0.704801 	 0.707761 	 0.706906 	 0.708516 
2.840000 	 0.708151 	 0.707715 	 0.706895 	 0.708439 
2.860000 	 0.705616 	 0.707660 	 0.706850 	 0.708356 
2.880000 	 0.709558 	 0.707615 	 0.706810 	 0.708274 
2.900000 	 0.705645 	 0.707596 	 0.706814 	 0.708235 
2.920000 	 0.708088 	 0.707606 	 0.706825 	 0.708231 
2.940000 	 0.708535 	 0.707622 	 0.706852 	 0.708248 
2.960000 	 0.709991 	 0.707634 	 0.706874 	 0.708266 
2.980000 	 0.712703 	 0.707618 	 0.706873 	 0.708233 
3.000000 	 0.706793 	 0.707567 	 0.706843 	 0.708176 
3.020000 	 0.703836 	 0.707502 	 0.706812 	 0.708112 
3.040000 	 0.709806 	 0.707449 	 0.706776 	 0.708078 
3.060000 	 0.710917 	 0.707421 	 0.706753 	 0.708058 
3.080000 	 0.705657 	 0.707424 	 0.706759 	 0.708060 
3.100000 	 0.708667 	 0.707435 	 0.706780 	 0.708079 
3.120000 	 0.704875 	 0.707448 	 0.706800 	 0.708089 
3.140000 	 0.709693 	 0.707439 	 0.706794 	 0.708090 
3.160000 	 0.709707 	 0.707400 	 0.706752 	 0.708058 
3.180000 	 0.706478 	 0.707326 	 0.706685 	 0.707973 
3.200000 	 0.710535 	 0.707235 	 0.706600 	 0.707909 
3.220000 	 0.704623 	 0.707180 	 0.706544 	 0.707870 
3.240000 	 0.711306 	 0.707153 	 0.706505 	 0.707847 
3.260000 	 0.710791 	 0.707151 	 0.706500 	 0.707840 
3.280000 	 0.713303 	 0.707160 	 0.706503 	 0.707835 
3.300000 	 0.708845 	 0.707153 	 0.706486 	 0.707843 
3.320000 	 0.708456 	 0.707124 	 0.706449 	 0.707817 
3.340000 	 0.709112 	 0.707069 	 0.706389 	 0.707757 
3.360000 	 0.705762 	 0.706994 	 0.706296 	 0.707694 
3.380000 	 0.709118 	 0.706910 	 0.706197 	 0.707641 
3.400000 	 0.704497 	 0.706841 	 0.706099 	 0.707595 
3.420000 	 0.711298 	 0.706796 	 0.706041 	 0.707560 
3.440000 	 0.706626 	 0.706759 	 0.706003 	 0.707520 
3.460000 	 0.705063 	 0.706735 	 0.705993 	 0.707484 
3.480000 	 0.709838 	 0.706713 	 0.705991 	 0.707465 
3.500000 	 0.712520 	 0.706678 	 0.705964 	 0.707421 
3.520000 	 0.707166 	 0.706632 	 0.705929 	 0.707381 
3.540000 	 0.703689 	 0.706561 	 0.705846 	 0.707316 
3.560000 	 0.711490 	 0.706470 	 0.705752 	 0.707238 
3.580000 	 0.704359 	 0.706379 	 0.705655 	 0.707153 
3.600000 	 0.704799 	 0.706296 	 0.705552 	 0.707075 
3.620000 	 0.705527 	 0.706224 	 0.705482 	 0.706994 
3.640000 	 0.709928 	 0.706163 	 0.705437 	 0.706920 
3.660000 	 0.705125 	 0.706124 	 0.705411 	 0.706866 
3.680000 	 0.708919 	 0.706091 	 0.705394 	 0.706833 
3.700000 	 0.707071 	 0.706063 	 0.705383 	 0.706788 
3.720000 	 0.708796 	 0.706029 	 0.705352 	 0.706748 
3.740000 	 0.706292 	 0.705959 	 0.705274 	 0.706678 
3.760000 	 0.708099 	 0.705855 	 0.705158 	 0.706568 
3.780000 	 0.707339 	 0.705726 	 0.705028 	 0.706444 
3.800000 	 0.704064 	 0.705601 	 0.704879 	 0.706308 
3.820000 	 0.704807 	 0.705493 	 0.704785 	 0.706193 
3.840000 	 0.703113 	 0.705421 	 0.704736 	 0.706116 
3.860000 	 0.705444 	 0.705381 	 0.704713 	 0.706056 
3.880000 	 0.698532 	 0.705355 	 0.704709 	 0.706018 
3.900000 	 0.704602 	 0.705331 	 0.704703 	 0.705993 
3.920000 	 0.708762 	 0.705289 	 0.704666 	 0.705947 
3.940000 	 0.705693 	 0.705216 	 0.704588 	 0.705862 
3.960000 	 0.704518 	 0.705101 	 0.704484 	 0.705744 
3.980000 	 0.708325 	 0.704960 	 0.704337 	 0.705589 
4.000000 	 0.706963 	 0.704808 	 0.704170 	 0.705435 
4.020000 	 0.705743 	 0.704676 	 0.704032 	 0.705314 
4.040000 	 0.706441 	 0.704576 	 0.703933 	 0.705218 
4.060000 	 0.703754 	 0.704520 	 0.703886 	 0.705167 
4.080000 	 0.702158 	 0.704507 	 0.703874 	 0.705160 
4.100000 	 0.704659 	 0.704508 	 0.703880 	 0.705171 
4.120000 	 0.702299 	 0.704500 	 0.703863 	 0.705154 
4.140000 	 0.706645 	 0.704440 	 0.703802 	 0.705103 
4.160000 	 0.706169 	 0.704336 	 0.703688 	 0.704992 
4.180000 	 0.705022 	 0.704193 	 0.703534 	 0.704833 
4.200000 	 0.702316 	 0.704039 	 0.703370 	 0.704680 
4.220000 	 0.704178 	 0.703893 	 0.703206 	 0.704551 
4.240000 	 0.707430 	 0.703772 	 0.703073 	 0.704441 
4.260000 	 0.701083 	 0.703700 	 0.703000 	 0.704370 
4.280000 	 0.706138 	 0.703658 	 0.702945 	 0.704339 
4.300000 	 0.705039 	 0.703633 	 0.702900 	 0.704324 
4.320000 	 0.702972 	 0.703612 	 0.702874 	 0.704321 
4.340000 	 0.704190 	 0.703596 	 0.702847 	 0.704336 
4.360000 	 0.705372 	 0.703558 	 0.702782 	 0.704296 
4.380000 	 0.701734 	 0.703476 	 0.702670 	 0.704220 
4.400000 	 0.705089 	 0.703354 	 0.702530 	 0.704104 
4.420000 	 0.707447 	 0.703194 	 0.702361 	 0.703972 
4.440000 	 0.702316 	 0.703047 	 0.702201 	 0.703838 
4.460000 	 0.700279 	 0.702926 	 0.702060 	 0.703729 
4.480000 	 0.703673 	 0.702838 	 0.701951 	 0.703665 
4.500000 	 0.700547 	 0.702788 	 0.701882 	 0.703637 
4.520000 	 0.701621 	 0.702771 	 0.701861 	 0.703624 
4.540000 	 0.707917 	 0.702766 	 0.701813 	 0.703624 
4.560000 	 0.697097 	 0.702747 	 0.701771 	 0.703624 
4.580000 	 0.701682 	 0.702707 	 0.701708 	 0.703609 
4.600000 	 0.696330 	 0.702651 	 0.701621 	 0.703574 
4.620000 	 0.700667 	 0.702567 	 0.701508 	 0.703512 
4.640000 	 0.700424 	 0.702465 	 0.701377 	 0.703430 
4.660000 	 0.700356 	 0.702344 	 0.701226 	 0.703329 
4.680000 	 0.695632 	 0.702228 	 0.701079 	 0.703223 
4.700000 	 0.705753 	 0.702117 	 0.700945 	 0.703122 
4.720000 	 0.701334 	 0.702021 	 0.700830 	 0.703042 
4.740000 	 0.702119 	 0.701960 	 0.700732 	 0.702991 
4.760000 	 0.700934 	 0.701929 	 0.700672 	 0.702983 
4.780000 	 0.699676 	 0.701938 	 0.700623 	 0.703016 
