0.000000 	 0.000000 	 0.000000 	 0.029265 
0.040134 	 0.000894 	 0.000083 	 0.029659 
0.080268 	 0.001788 	 0.000170 	 0.030137 
0.120401 	 0.002682 	 0.000261 	 0.030537 
0.160535 	 0.003579 	 0.000362 	 0.030929 
0.200669 	 0.004475 	 0.000473 	 0.031372 
0.240803 	 0.005377 	 0.000598 	 0.031824 
0.280936 	 0.006281 	 0.000739 	 0.032276 
0.321070 	 0.007186 	 0.000898 	 0.032714 
0.361204 	 0.008067 	 0.001063 	 0.033129 
0.401338 	 0.008949 	 0.001242 	 0.033530 
0.441472 	 0.009870 	 0.001438 	 0.033906 
0.481605 	 0.010771 	 0.001654 	 0.034223 
0.521739 	 0.011690 	 0.001891 	 0.034420 
0.561873 	 0.012588 	 0.002143 	 0.034936 
0.602007 	 0.013488 	 0.002418 	 0.035346 
0.642140 	 0.014420 	 0.002723 	 0.035832 
0.682274 	 0.015360 	 0.003078 	 0.036089 
0.722408 	 0.016285 	 0.003516 	 0.036478 
0.762542 	 0.017181 	 0.003952 	 0.037084 
0.802676 	 0.018074 	 0.004479 	 0.037809 
0.842809 	 0.018933 	 0.005051 	 0.038251 
0.882943 	 0.019921 	 0.005668 	 0.038574 
0.923077 	 0.020858 	 0.006306 	 0.039014 
0.963211 	 0.021707 	 0.006905 	 0.039519 
1.003344 	 0.022609 	 0.007558 	 0.039992 
1.043478 	 0.023504 	 0.008293 	 0.040517 
1.083612 	 0.024426 	 0.009117 	 0.041237 
1.123746 	 0.025412 	 0.009923 	 0.041855 
1.163880 	 0.026422 	 0.010740 	 0.042495 
1.204013 	 0.027372 	 0.011566 	 0.042932 
1.244147 	 0.028381 	 0.012366 	 0.043587 
1.284281 	 0.029455 	 0.013332 	 0.044538 
1.324415 	 0.030500 	 0.014357 	 0.045520 
1.364548 	 0.031439 	 0.015527 	 0.046435 
1.404682 	 0.032480 	 0.016727 	 0.047457 
1.444816 	 0.033525 	 0.017873 	 0.048482 
1.484950 	 0.034628 	 0.019060 	 0.049366 
1.525084 	 0.035660 	 0.020316 	 0.050137 
1.565217 	 0.036856 	 0.021525 	 0.050986 
1.605351 	 0.037892 	 0.022737 	 0.051943 
1.645485 	 0.039047 	 0.024056 	 0.053006 
1.685619 	 0.040197 	 0.025385 	 0.054140 
1.725753 	 0.041375 	 0.026776 	 0.055228 
1.765886 	 0.042624 	 0.028042 	 0.056312 
1.806020 	 0.043825 	 0.029405 	 0.057531 
1.846154 	 0.045133 	 0.030952 	 0.058806 
1.886288 	 0.046420 	 0.032408 	 0.060163 
1.926421 	 0.047718 	 0.033869 	 0.061519 
1.966555 	 0.048966 	 0.035489 	 0.062766 
2.006689 	 0.050266 	 0.037127 	 0.063969 
2.046823 	 0.051667 	 0.038844 	 0.065084 
2.086957 	 0.052979 	 0.040404 	 0.066335 
2.127090 	 0.054333 	 0.042142 	 0.067456 
2.167224 	 0.055836 	 0.043884 	 0.068743 
2.207358 	 0.057397 	 0.045652 	 0.070128 
2.247492 	 0.058964 	 0.047464 	 0.071481 
2.287625 	 0.060580 	 0.049298 	 0.072751 
2.327759 	 0.062186 	 0.050848 	 0.073994 
2.367893 	 0.063756 	 0.052384 	 0.075434 
2.408027 	 0.065298 	 0.054324 	 0.076936 
2.448161 	 0.066893 	 0.056273 	 0.078338 
2.488294 	 0.068468 	 0.058025 	 0.079856 
2.528428 	 0.070201 	 0.059779 	 0.081303 
2.568562 	 0.071892 	 0.061638 	 0.082798 
2.608696 	 0.073637 	 0.063558 	 0.084261 
2.648829 	 0.075452 	 0.065508 	 0.085655 
2.688963 	 0.077258 	 0.067314 	 0.087327 
2.729097 	 0.079100 	 0.069271 	 0.088975 
2.769231 	 0.080953 	 0.070892 	 0.090865 
2.809365 	 0.082894 	 0.072687 	 0.092742 
2.849498 	 0.084799 	 0.074633 	 0.094541 
2.889632 	 0.086869 	 0.076788 	 0.096326 
2.929766 	 0.088847 	 0.078960 	 0.098467 
2.969900 	 0.090852 	 0.080926 	 0.100342 
3.010033 	 0.093011 	 0.083007 	 0.102385 
3.050167 	 0.095095 	 0.085199 	 0.104473 
3.090301 	 0.097258 	 0.087219 	 0.106587 
3.130435 	 0.099448 	 0.089330 	 0.108754 
3.170569 	 0.101733 	 0.091522 	 0.110953 
3.210702 	 0.104002 	 0.093894 	 0.113189 
3.250836 	 0.106267 	 0.096333 	 0.115539 
3.290970 	 0.108575 	 0.098677 	 0.117930 
3.331104 	 0.111080 	 0.101001 	 0.120374 
3.371237 	 0.113504 	 0.103446 	 0.122918 
3.411371 	 0.115969 	 0.105966 	 0.125586 
3.451505 	 0.118635 	 0.108302 	 0.128087 
3.491639 	 0.121295 	 0.110813 	 0.131126 
3.531773 	 0.123915 	 0.113347 	 0.134122 
3.571906 	 0.126656 	 0.115857 	 0.137175 
3.612040 	 0.129399 	 0.118368 	 0.139929 
3.652174 	 0.132167 	 0.121313 	 0.142825 
3.692308 	 0.135120 	 0.124201 	 0.145885 
3.732441 	 0.138055 	 0.126912 	 0.148962 
3.772575 	 0.141035 	 0.129741 	 0.152073 
3.812709 	 0.144128 	 0.132579 	 0.155214 
3.852843 	 0.147246 	 0.135440 	 0.158591 
3.892977 	 0.150397 	 0.138361 	 0.161865 
3.933110 	 0.153604 	 0.141508 	 0.165240 
3.973244 	 0.156900 	 0.144604 	 0.168589 
4.013378 	 0.160257 	 0.147752 	 0.172152 
4.053512 	 0.163639 	 0.151039 	 0.175932 
4.093645 	 0.167057 	 0.154283 	 0.179622 
4.133779 	 0.170548 	 0.157673 	 0.183196 
4.173913 	 0.174022 	 0.160983 	 0.186811 
4.214047 	 0.177637 	 0.164274 	 0.190374 
4.254181 	 0.181251 	 0.167874 	 0.193991 
4.294314 	 0.184915 	 0.171337 	 0.197466 
4.334448 	 0.188631 	 0.174840 	 0.201044 
4.374582 	 0.192316 	 0.178438 	 0.204728 
4.414716 	 0.196014 	 0.182085 	 0.208639 
4.454849 	 0.199695 	 0.185751 	 0.212334 
4.494983 	 0.203445 	 0.189441 	 0.215904 
4.535117 	 0.207215 	 0.193112 	 0.219452 
4.575251 	 0.211009 	 0.196739 	 0.223009 
4.615385 	 0.214679 	 0.200608 	 0.226484 
4.655518 	 0.218404 	 0.204467 	 0.229956 
4.695652 	 0.221976 	 0.208230 	 0.233374 
4.735786 	 0.225643 	 0.212076 	 0.236998 
4.775920 	 0.229138 	 0.215783 	 0.240548 
4.816054 	 0.232438 	 0.219679 	 0.243990 
4.856187 	 0.235891 	 0.223206 	 0.247313 
4.896321 	 0.239307 	 0.226506 	 0.250618 
4.936455 	 0.242522 	 0.230007 	 0.253780 
4.976589 	 0.245760 	 0.233186 	 0.256924 
5.016722 	 0.248815 	 0.236805 	 0.260150 
5.056856 	 0.251806 	 0.239752 	 0.263254 
5.096990 	 0.254683 	 0.242379 	 0.266257 
5.137124 	 0.257376 	 0.244793 	 0.268916 
5.177258 	 0.260029 	 0.247135 	 0.271620 
5.217391 	 0.262441 	 0.249392 	 0.274341 
5.257525 	 0.264802 	 0.251597 	 0.276834 
5.297659 	 0.266832 	 0.253656 	 0.279307 
5.337793 	 0.268744 	 0.255439 	 0.281642 
5.377926 	 0.270474 	 0.256948 	 0.283909 
5.418060 	 0.272026 	 0.258077 	 0.285961 
5.458194 	 0.273340 	 0.259117 	 0.287556 
5.498328 	 0.274504 	 0.259809 	 0.289155 
5.538462 	 0.275385 	 0.260343 	 0.290339 
5.578595 	 0.276211 	 0.260688 	 0.291444 
5.618729 	 0.276587 	 0.260755 	 0.292234 
5.658863 	 0.276607 	 0.260663 	 0.292532 
5.698997 	 0.276460 	 0.260430 	 0.292499 
5.739130 	 0.276004 	 0.259915 	 0.292479 
5.779264 	 0.275261 	 0.259093 	 0.292264 
5.819398 	 0.274377 	 0.258147 	 0.291427 
5.859532 	 0.273030 	 0.256923 	 0.290341 
5.899666 	 0.271471 	 0.255460 	 0.289402 
5.939799 	 0.269683 	 0.253620 	 0.288108 
5.979933 	 0.267658 	 0.251494 	 0.286121 
6.020067 	 0.265387 	 0.249219 	 0.283566 
6.060201 	 0.262756 	 0.246860 	 0.280681 
6.100334 	 0.259901 	 0.244272 	 0.277745 
6.140468 	 0.256703 	 0.241413 	 0.274458 
6.180602 	 0.253279 	 0.238327 	 0.270660 
6.220736 	 0.249582 	 0.235022 	 0.266757 
6.260870 	 0.245630 	 0.231442 	 0.262272 
6.301003 	 0.241439 	 0.227798 	 0.257501 
6.341137 	 0.237008 	 0.223674 	 0.252490 
6.381271 	 0.232297 	 0.219293 	 0.247117 
6.421405 	 0.227418 	 0.214881 	 0.241696 
6.461538 	 0.222342 	 0.210498 	 0.235802 
6.501672 	 0.217078 	 0.205812 	 0.229513 
6.541806 	 0.211588 	 0.200653 	 0.223537 
6.581940 	 0.205933 	 0.195732 	 0.217264 
6.622074 	 0.200114 	 0.190614 	 0.211101 
6.662207 	 0.194236 	 0.185204 	 0.204380 
6.702341 	 0.188163 	 0.179693 	 0.197871 
6.742475 	 0.182036 	 0.173973 	 0.191205 
6.782609 	 0.175783 	 0.168216 	 0.184379 
6.822742 	 0.169474 	 0.162270 	 0.177789 
6.862876 	 0.163218 	 0.155846 	 0.171112 
6.903010 	 0.156635 	 0.149418 	 0.164557 
6.943144 	 0.150206 	 0.142894 	 0.157731 
6.983278 	 0.143766 	 0.136385 	 0.151311 
7.023411 	 0.137378 	 0.129597 	 0.145172 
7.063545 	 0.131000 	 0.122465 	 0.138743 
7.103679 	 0.124563 	 0.115630 	 0.132208 
7.143813 	 0.118073 	 0.108635 	 0.126148 
7.183946 	 0.111692 	 0.101875 	 0.120189 
7.224080 	 0.105514 	 0.095211 	 0.114427 
7.264214 	 0.099365 	 0.088709 	 0.108628 
7.304348 	 0.093347 	 0.082304 	 0.102976 
7.344482 	 0.087357 	 0.075914 	 0.097405 
7.384615 	 0.081503 	 0.069625 	 0.092101 
7.424749 	 0.075804 	 0.063574 	 0.086894 
7.464883 	 0.070319 	 0.057993 	 0.081749 
7.505017 	 0.065015 	 0.052407 	 0.076685 
7.545151 	 0.059897 	 0.047149 	 0.071838 
7.585284 	 0.054908 	 0.042160 	 0.067064 
7.625418 	 0.050158 	 0.037449 	 0.062661 
7.665552 	 0.045607 	 0.033024 	 0.058110 
7.705686 	 0.041276 	 0.028826 	 0.053681 
7.745819 	 0.037127 	 0.024911 	 0.049448 
7.785953 	 0.033194 	 0.021318 	 0.045500 
7.826087 	 0.029479 	 0.018041 	 0.041623 
7.866221 	 0.026023 	 0.015072 	 0.037904 
7.906355 	 0.022808 	 0.012409 	 0.034363 
7.946488 	 0.019817 	 0.010045 	 0.031004 
7.986622 	 0.017071 	 0.007974 	 0.027866 
8.026756 	 0.014559 	 0.006185 	 0.024936 
8.066890 	 0.012265 	 0.004683 	 0.022153 
8.107023 	 0.010217 	 0.003433 	 0.019556 
8.147157 	 0.008380 	 0.002416 	 0.017163 
8.187291 	 0.006762 	 0.001613 	 0.014926 
8.227425 	 0.005352 	 0.001004 	 0.012888 
8.267559 	 0.004141 	 0.000566 	 0.011006 
8.307692 	 0.003118 	 0.000276 	 0.009311 
8.347826 	 0.002271 	 0.000105 	 0.007785 
8.387960 	 0.001584 	 0.000023 	 0.006426 
8.428094 	 0.001045 	 0.000000 	 0.005224 
8.468227 	 0.000637 	 0.000000 	 0.004171 
8.508361 	 0.000352 	 0.000000 	 0.003262 
8.548495 	 0.000166 	 0.000000 	 0.002486 
8.588629 	 0.000060 	 0.000000 	 0.001829 
8.628763 	 0.000012 	 0.000000 	 0.001299 
8.668896 	 0.000000 	 0.000000 	 0.000882 
8.709030 	 0.000000 	 0.000000 	 0.000565 
8.749164 	 0.000000 	 0.000000 	 0.000333 
8.789298 	 0.000000 	 0.000000 	 0.000173 
8.829431 	 0.000000 	 0.000000 	 0.000074 
8.869565 	 0.000000 	 0.000000 	 0.000021 
8.909699 	 0.000000 	 0.000000 	 0.000002 
8.949833 	 0.000000 	 0.000000 	 0.000000 
8.989967 	 0.000000 	 0.000000 	 0.000000 
9.030100 	 0.000000 	 0.000000 	 0.000000 
9.070234 	 0.000000 	 0.000000 	 0.000000 
9.110368 	 0.000000 	 0.000000 	 0.000000 
9.150502 	 0.000000 	 0.000000 	 0.000000 
9.190635 	 0.000000 	 0.000000 	 0.000000 
9.230769 	 0.000000 	 0.000000 	 0.000000 
9.270903 	 0.000000 	 0.000000 	 0.000000 
9.311037 	 0.000000 	 0.000000 	 0.000000 
9.351171 	 0.000000 	 0.000000 	 0.000000 
9.391304 	 0.000000 	 0.000000 	 0.000000 
9.431438 	 0.000000 	 0.000000 	 0.000000 
9.471572 	 0.000000 	 0.000000 	 0.000000 
9.511706 	 0.000000 	 0.000000 	 0.000000 
9.551839 	 0.000000 	 0.000000 	 0.000000 
9.591973 	 0.000000 	 0.000000 	 0.000000 
9.632107 	 0.000000 	 0.000000 	 0.000000 
9.672241 	 0.000000 	 0.000000 	 0.000000 
9.712375 	 0.000000 	 0.000000 	 0.000000 
9.752508 	 0.000000 	 0.000000 	 0.000000 
9.792642 	 0.000000 	 0.000000 	 0.000000 
9.832776 	 0.000000 	 0.000000 	 0.000000 
9.872910 	 0.000000 	 0.000000 	 0.000000 
9.913043 	 0.000000 	 0.000000 	 0.000000 
9.953177 	 0.000000 	 0.000000 	 0.000000 
9.993311 	 0.000000 	 0.000000 	 0.000000 
10.033445 	 0.000000 	 0.000000 	 0.000000 
10.073579 	 0.000000 	 0.000000 	 0.000000 
10.113712 	 0.000000 	 0.000000 	 0.000000 
10.153846 	 0.000000 	 0.000000 	 0.000000 
10.193980 	 0.000000 	 0.000000 	 0.000000 
10.234114 	 0.000000 	 0.000000 	 0.000000 
10.274247 	 0.000000 	 0.000000 	 0.000000 
10.314381 	 0.000000 	 0.000000 	 0.000000 
10.354515 	 0.000000 	 0.000000 	 0.000000 
10.394649 	 0.000000 	 0.000000 	 0.000000 
10.434783 	 0.000000 	 0.000000 	 0.000000 
10.474916 	 0.000000 	 0.000000 	 0.000000 
10.515050 	 0.000000 	 0.000000 	 0.000000 
10.555184 	 0.000000 	 0.000000 	 0.000000 
10.595318 	 0.000000 	 0.000000 	 0.000000 
10.635452 	 0.000000 	 0.000000 	 0.000000 
10.675585 	 0.000000 	 0.000000 	 0.000000 
10.715719 	 0.000000 	 0.000000 	 0.000000 
10.755853 	 0.000000 	 0.000000 	 0.000000 
10.795987 	 0.000000 	 0.000000 	 0.000000 
10.836120 	 0.000000 	 0.000000 	 0.000000 
10.876254 	 0.000000 	 0.000000 	 0.000000 
10.916388 	 0.000000 	 0.000000 	 0.000000 
10.956522 	 0.000000 	 0.000000 	 0.000000 
10.996656 	 0.000000 	 0.000000 	 0.000000 
11.036789 	 0.000000 	 0.000000 	 0.000000 
11.076923 	 0.000000 	 0.000000 	 0.000000 
11.117057 	 0.000000 	 0.000000 	 0.000000 
11.157191 	 0.000000 	 0.000000 	 0.000000 
11.197324 	 0.000000 	 0.000000 	 0.000000 
11.237458 	 0.000000 	 0.000000 	 0.000000 
11.277592 	 0.000000 	 0.000000 	 0.000000 
11.317726 	 0.000000 	 0.000000 	 0.000000 
11.357860 	 0.000000 	 0.000000 	 0.000000 
11.397993 	 0.000000 	 0.000000 	 0.000000 
11.438127 	 0.000000 	 0.000000 	 0.000000 
11.478261 	 0.000000 	 0.000000 	 0.000000 
11.518395 	 0.000000 	 0.000000 	 0.000000 
11.558528 	 0.000000 	 0.000000 	 0.000000 
11.598662 	 0.000000 	 0.000000 	 0.000000 
11.638796 	 0.000000 	 0.000000 	 0.000000 
11.678930 	 0.000000 	 0.000000 	 0.000000 
11.719064 	 0.000000 	 0.000000 	 0.000000 
11.759197 	 0.000000 	 0.000000 	 0.000000 
11.799331 	 0.000000 	 0.000000 	 0.000000 
11.839465 	 0.000000 	 0.000000 	 0.000000 
11.879599 	 0.000000 	 0.000000 	 0.000000 
11.919732 	 0.000000 	 0.000000 	 0.000000 
11.959866 	 0.000000 	 0.000000 	 0.000000 
12.000000 	 0.000000 	 0.000000 	 0.000000 
