0.000000 	 0.000000 	 0.000000 	 0.027639 
0.040134 	 0.000000 	 0.000000 	 0.027340 
0.080268 	 0.000000 	 0.000000 	 0.027059 
0.120401 	 0.000000 	 0.000000 	 0.026816 
0.160535 	 0.000000 	 0.000000 	 0.026574 
0.200669 	 0.000000 	 0.000000 	 0.026239 
0.240803 	 0.000000 	 0.000000 	 0.025868 
0.280936 	 0.000000 	 0.000000 	 0.025499 
0.321070 	 0.000000 	 0.000000 	 0.025131 
0.361204 	 0.000000 	 0.000000 	 0.024777 
0.401338 	 0.000000 	 0.000000 	 0.024517 
0.441472 	 0.000000 	 0.000000 	 0.024313 
0.481605 	 0.000000 	 0.000000 	 0.023999 
0.521739 	 0.000000 	 0.000000 	 0.023684 
0.561873 	 0.000000 	 0.000000 	 0.023374 
0.602007 	 0.000000 	 0.000000 	 0.023090 
0.642140 	 0.000000 	 0.000000 	 0.022827 
0.682274 	 0.000000 	 0.000000 	 0.022564 
0.722408 	 0.000000 	 0.000000 	 0.022412 
0.762542 	 0.000000 	 0.000000 	 0.022281 
0.802676 	 0.000002 	 0.000000 	 0.022001 
0.842809 	 0.000009 	 0.000000 	 0.021733 
0.882943 	 0.000026 	 0.000000 	 0.021553 
0.923077 	 0.000056 	 0.000000 	 0.021478 
0.963211 	 0.000103 	 0.000000 	 0.021571 
1.003344 	 0.000170 	 0.000000 	 0.021456 
1.043478 	 0.000261 	 0.000000 	 0.021377 
1.083612 	 0.000381 	 0.000000 	 0.021431 
1.123746 	 0.000532 	 0.000000 	 0.021610 
1.163880 	 0.000717 	 0.000000 	 0.021614 
1.204013 	 0.000939 	 0.000000 	 0.021786 
1.244147 	 0.001192 	 0.000001 	 0.021741 
1.284281 	 0.001486 	 0.000010 	 0.021926 
1.324415 	 0.001824 	 0.000032 	 0.022132 
1.364548 	 0.002216 	 0.000075 	 0.022311 
1.404682 	 0.002664 	 0.000143 	 0.022597 
1.444816 	 0.003159 	 0.000243 	 0.022905 
1.484950 	 0.003705 	 0.000380 	 0.023122 
1.525084 	 0.004307 	 0.000560 	 0.023463 
1.565217 	 0.004972 	 0.000787 	 0.023819 
1.605351 	 0.005692 	 0.001067 	 0.024233 
1.645485 	 0.006449 	 0.001405 	 0.024846 
1.685619 	 0.007265 	 0.001804 	 0.025472 
1.725753 	 0.008167 	 0.002273 	 0.026051 
1.765886 	 0.009135 	 0.002813 	 0.026744 
1.806020 	 0.010143 	 0.003429 	 0.027491 
1.846154 	 0.011146 	 0.004116 	 0.028279 
1.886288 	 0.012282 	 0.004876 	 0.029104 
1.926421 	 0.013548 	 0.005732 	 0.030014 
1.966555 	 0.014887 	 0.006672 	 0.030942 
2.006689 	 0.016277 	 0.007707 	 0.031877 
2.046823 	 0.017765 	 0.008837 	 0.033030 
2.086957 	 0.019338 	 0.010061 	 0.034259 
2.127090 	 0.020977 	 0.011385 	 0.035450 
2.167224 	 0.022525 	 0.012813 	 0.036729 
2.207358 	 0.024261 	 0.014330 	 0.038093 
2.247492 	 0.026095 	 0.015955 	 0.039592 
2.287625 	 0.028052 	 0.017686 	 0.041240 
2.327759 	 0.029988 	 0.019525 	 0.042934 
2.367893 	 0.032101 	 0.021475 	 0.044761 
2.408027 	 0.034274 	 0.023534 	 0.046629 
2.448161 	 0.036554 	 0.025711 	 0.048485 
2.488294 	 0.038851 	 0.027965 	 0.050440 
2.528428 	 0.041184 	 0.030355 	 0.052420 
2.568562 	 0.043472 	 0.032912 	 0.054630 
2.608696 	 0.045953 	 0.035535 	 0.056757 
2.648829 	 0.048501 	 0.038271 	 0.058872 
2.688963 	 0.051200 	 0.041117 	 0.061204 
2.729097 	 0.053837 	 0.044075 	 0.063696 
2.769231 	 0.056717 	 0.047191 	 0.066359 
2.809365 	 0.059640 	 0.050255 	 0.069006 
2.849498 	 0.062647 	 0.053488 	 0.071710 
2.889632 	 0.065704 	 0.056847 	 0.074442 
2.929766 	 0.068871 	 0.060327 	 0.077287 
2.969900 	 0.072123 	 0.063984 	 0.080326 
3.010033 	 0.075461 	 0.067641 	 0.083514 
3.050167 	 0.078972 	 0.071386 	 0.086640 
3.090301 	 0.082420 	 0.075308 	 0.089921 
3.130435 	 0.086086 	 0.079293 	 0.093238 
3.170569 	 0.089852 	 0.083366 	 0.096856 
3.210702 	 0.093679 	 0.087189 	 0.100391 
3.250836 	 0.097626 	 0.091071 	 0.104289 
3.290970 	 0.101614 	 0.095274 	 0.108226 
3.331104 	 0.105702 	 0.099163 	 0.112182 
3.371237 	 0.109853 	 0.103131 	 0.116277 
3.411371 	 0.114031 	 0.107383 	 0.120428 
3.451505 	 0.118375 	 0.111449 	 0.124746 
3.491639 	 0.122779 	 0.115514 	 0.129197 
3.531773 	 0.127234 	 0.119594 	 0.133610 
3.571906 	 0.131764 	 0.123755 	 0.138083 
3.612040 	 0.136367 	 0.128024 	 0.142686 
3.652174 	 0.141024 	 0.132315 	 0.147226 
3.692308 	 0.145721 	 0.136713 	 0.151899 
3.732441 	 0.150503 	 0.141200 	 0.156606 
3.772575 	 0.155376 	 0.145672 	 0.161298 
3.812709 	 0.160163 	 0.150186 	 0.166112 
3.852843 	 0.165023 	 0.154766 	 0.170824 
3.892977 	 0.169833 	 0.159360 	 0.175680 
3.933110 	 0.174758 	 0.163946 	 0.180547 
3.973244 	 0.179643 	 0.168379 	 0.185520 
4.013378 	 0.184595 	 0.172851 	 0.190409 
4.053512 	 0.189465 	 0.177372 	 0.195260 
4.093645 	 0.194410 	 0.181897 	 0.200282 
4.133779 	 0.199141 	 0.186382 	 0.205120 
4.173913 	 0.203955 	 0.191097 	 0.210115 
4.214047 	 0.208704 	 0.195630 	 0.214865 
4.254181 	 0.213438 	 0.200282 	 0.219695 
4.294314 	 0.218183 	 0.204912 	 0.224682 
4.334448 	 0.222816 	 0.209424 	 0.229457 
4.374582 	 0.227412 	 0.213822 	 0.234113 
4.414716 	 0.231866 	 0.218079 	 0.238690 
4.454849 	 0.236261 	 0.222274 	 0.243203 
4.494983 	 0.240510 	 0.226398 	 0.247822 
4.535117 	 0.244773 	 0.230497 	 0.252334 
4.575251 	 0.248827 	 0.234457 	 0.256626 
4.615385 	 0.252784 	 0.238371 	 0.260738 
4.655518 	 0.256620 	 0.242192 	 0.264893 
4.695652 	 0.260356 	 0.245918 	 0.268769 
4.735786 	 0.263987 	 0.249375 	 0.272404 
4.775920 	 0.267484 	 0.253034 	 0.275954 
4.816054 	 0.270824 	 0.256438 	 0.279363 
4.856187 	 0.274087 	 0.259457 	 0.282628 
4.896321 	 0.277036 	 0.262395 	 0.285847 
4.936455 	 0.279820 	 0.265296 	 0.288898 
4.976589 	 0.282553 	 0.268036 	 0.291709 
5.016722 	 0.285021 	 0.270539 	 0.294227 
5.056856 	 0.287291 	 0.272777 	 0.296522 
5.096990 	 0.289387 	 0.274859 	 0.298631 
5.137124 	 0.291267 	 0.276726 	 0.300540 
5.177258 	 0.292951 	 0.278357 	 0.302304 
5.217391 	 0.294448 	 0.279785 	 0.303782 
5.257525 	 0.295689 	 0.281009 	 0.305176 
5.297659 	 0.296774 	 0.281890 	 0.306305 
5.337793 	 0.297599 	 0.282583 	 0.307134 
5.377926 	 0.298138 	 0.283220 	 0.307650 
5.418060 	 0.298455 	 0.283618 	 0.307998 
5.458194 	 0.298565 	 0.283830 	 0.308002 
5.498328 	 0.298493 	 0.283803 	 0.307831 
5.538462 	 0.298146 	 0.283497 	 0.307439 
5.578595 	 0.297530 	 0.282810 	 0.306849 
5.618729 	 0.296679 	 0.281894 	 0.305997 
5.658863 	 0.295502 	 0.280959 	 0.304792 
5.698997 	 0.294134 	 0.279646 	 0.303274 
5.739130 	 0.292449 	 0.278060 	 0.301497 
5.779264 	 0.290497 	 0.276223 	 0.299458 
5.819398 	 0.288346 	 0.274115 	 0.297228 
5.859532 	 0.285931 	 0.271752 	 0.294757 
5.899666 	 0.283268 	 0.269204 	 0.292055 
5.939799 	 0.280400 	 0.266552 	 0.289129 
5.979933 	 0.277195 	 0.263652 	 0.285869 
6.020067 	 0.273874 	 0.260526 	 0.282381 
6.060201 	 0.270250 	 0.257083 	 0.278574 
6.100334 	 0.266425 	 0.253436 	 0.274625 
6.140468 	 0.262372 	 0.249625 	 0.270376 
6.180602 	 0.258142 	 0.245559 	 0.265902 
6.220736 	 0.253632 	 0.241320 	 0.261295 
6.260870 	 0.248949 	 0.236847 	 0.256446 
6.301003 	 0.244046 	 0.232217 	 0.251389 
6.341137 	 0.238987 	 0.227377 	 0.246186 
6.381271 	 0.233669 	 0.222371 	 0.240912 
6.421405 	 0.228270 	 0.217238 	 0.235378 
6.461538 	 0.222813 	 0.211979 	 0.229704 
6.501672 	 0.217171 	 0.206711 	 0.224036 
6.541806 	 0.211292 	 0.201247 	 0.218142 
6.581940 	 0.205436 	 0.195791 	 0.212138 
6.622074 	 0.199556 	 0.190212 	 0.206047 
6.662207 	 0.193523 	 0.184421 	 0.199845 
6.702341 	 0.187399 	 0.178516 	 0.193624 
6.742475 	 0.181251 	 0.172454 	 0.187300 
6.782609 	 0.175023 	 0.166318 	 0.180943 
6.822742 	 0.168764 	 0.159990 	 0.174565 
6.862876 	 0.162461 	 0.153683 	 0.168143 
6.903010 	 0.156252 	 0.147250 	 0.161709 
6.943144 	 0.150038 	 0.140551 	 0.155272 
6.983278 	 0.143807 	 0.133843 	 0.148871 
7.023411 	 0.137566 	 0.127057 	 0.142505 
7.063545 	 0.131389 	 0.120369 	 0.136209 
7.103679 	 0.125264 	 0.113742 	 0.129954 
7.143813 	 0.119147 	 0.107383 	 0.123842 
7.183946 	 0.113135 	 0.101019 	 0.117760 
7.224080 	 0.107219 	 0.094821 	 0.111829 
7.264214 	 0.101364 	 0.088629 	 0.105885 
7.304348 	 0.095576 	 0.082565 	 0.100118 
7.344482 	 0.089962 	 0.076705 	 0.094451 
7.384615 	 0.084450 	 0.071037 	 0.088938 
7.424749 	 0.079123 	 0.065531 	 0.083522 
7.464883 	 0.073883 	 0.060220 	 0.078281 
7.505017 	 0.068818 	 0.055133 	 0.073211 
7.545151 	 0.063887 	 0.050279 	 0.068314 
7.585284 	 0.059122 	 0.045652 	 0.063593 
7.625418 	 0.054556 	 0.041248 	 0.059017 
7.665552 	 0.050132 	 0.037072 	 0.054576 
7.705686 	 0.045961 	 0.033129 	 0.050283 
7.745819 	 0.041920 	 0.029409 	 0.046179 
7.785953 	 0.038030 	 0.025918 	 0.042324 
7.826087 	 0.034346 	 0.022669 	 0.038594 
7.866221 	 0.030859 	 0.019663 	 0.035035 
7.906355 	 0.027630 	 0.016899 	 0.031681 
7.946488 	 0.024550 	 0.014375 	 0.028466 
7.986622 	 0.021683 	 0.012087 	 0.025454 
8.026756 	 0.018999 	 0.010030 	 0.022618 
8.066890 	 0.016537 	 0.008200 	 0.019991 
8.107023 	 0.014296 	 0.006588 	 0.017545 
8.147157 	 0.012233 	 0.005188 	 0.015272 
8.187291 	 0.010373 	 0.003988 	 0.013186 
8.227425 	 0.008687 	 0.002979 	 0.011287 
8.267559 	 0.007169 	 0.002148 	 0.009589 
8.307692 	 0.005820 	 0.001482 	 0.008047 
8.347826 	 0.004644 	 0.000966 	 0.006641 
8.387960 	 0.003634 	 0.000582 	 0.005407 
8.428094 	 0.002769 	 0.000314 	 0.004336 
8.468227 	 0.002047 	 0.000141 	 0.003414 
8.508361 	 0.001454 	 0.000047 	 0.002613 
8.548495 	 0.000988 	 0.000007 	 0.001946 
8.588629 	 0.000628 	 0.000000 	 0.001400 
8.628763 	 0.000366 	 0.000000 	 0.000966 
8.668896 	 0.000188 	 0.000000 	 0.000632 
8.709030 	 0.000078 	 0.000000 	 0.000387 
8.749164 	 0.000021 	 0.000000 	 0.000214 
8.789298 	 0.000001 	 0.000000 	 0.000100 
8.829431 	 0.000000 	 0.000000 	 0.000035 
8.869565 	 0.000000 	 0.000000 	 0.000007 
8.909699 	 0.000000 	 0.000000 	 0.000000 
8.949833 	 0.000000 	 0.000000 	 0.000000 
8.989967 	 0.000000 	 0.000000 	 0.000000 
9.030100 	 0.000000 	 0.000000 	 0.000000 
9.070234 	 0.000000 	 0.000000 	 0.000000 
9.110368 	 0.000000 	 0.000000 	 0.000000 
9.150502 	 0.000000 	 0.000000 	 0.000000 
9.190635 	 0.000000 	 0.000000 	 0.000000 
9.230769 	 0.000000 	 0.000000 	 0.000000 
9.270903 	 0.000000 	 0.000000 	 0.000000 
9.311037 	 0.000000 	 0.000000 	 0.000000 
9.351171 	 0.000000 	 0.000000 	 0.000000 
9.391304 	 0.000000 	 0.000000 	 0.000000 
9.431438 	 0.000000 	 0.000000 	 0.000000 
9.471572 	 0.000000 	 0.000000 	 0.000000 
9.511706 	 0.000000 	 0.000000 	 0.000000 
9.551839 	 0.000000 	 0.000000 	 0.000000 
9.591973 	 0.000000 	 0.000000 	 0.000000 
9.632107 	 0.000000 	 0.000000 	 0.000000 
9.672241 	 0.000000 	 0.000000 	 0.000000 
9.712375 	 0.000000 	 0.000000 	 0.000000 
9.752508 	 0.000000 	 0.000000 	 0.000000 
9.792642 	 0.000000 	 0.000000 	 0.000000 
9.832776 	 0.000000 	 0.000000 	 0.000000 
9.872910 	 0.000000 	 0.000000 	 0.000000 
9.913043 	 0.000000 	 0.000000 	 0.000000 
9.953177 	 0.000000 	 0.000000 	 0.000000 
9.993311 	 0.000000 	 0.000000 	 0.000000 
10.033445 	 0.000000 	 0.000000 	 0.000000 
10.073579 	 0.000000 	 0.000000 	 0.000000 
10.113712 	 0.000000 	 0.000000 	 0.000000 
10.153846 	 0.000000 	 0.000000 	 0.000000 
10.193980 	 0.000000 	 0.000000 	 0.000000 
10.234114 	 0.000000 	 0.000000 	 0.000000 
10.274247 	 0.000000 	 0.000000 	 0.000000 
10.314381 	 0.000000 	 0.000000 	 0.000000 
10.354515 	 0.000000 	 0.000000 	 0.000000 
10.394649 	 0.000000 	 0.000000 	 0.000000 
10.434783 	 0.000000 	 0.000000 	 0.000000 
10.474916 	 0.000000 	 0.000000 	 0.000000 
10.515050 	 0.000000 	 0.000000 	 0.000000 
10.555184 	 0.000000 	 0.000000 	 0.000000 
10.595318 	 0.000000 	 0.000000 	 0.000000 
10.635452 	 0.000000 	 0.000000 	 0.000000 
10.675585 	 0.000000 	 0.000000 	 0.000000 
10.715719 	 0.000000 	 0.000000 	 0.000000 
10.755853 	 0.000000 	 0.000000 	 0.000000 
10.795987 	 0.000000 	 0.000000 	 0.000000 
10.836120 	 0.000000 	 0.000000 	 0.000000 
10.876254 	 0.000000 	 0.000000 	 0.000000 
10.916388 	 0.000000 	 0.000000 	 0.000000 
10.956522 	 0.000000 	 0.000000 	 0.000000 
10.996656 	 0.000000 	 0.000000 	 0.000000 
11.036789 	 0.000000 	 0.000000 	 0.000000 
11.076923 	 0.000000 	 0.000000 	 0.000000 
11.117057 	 0.000000 	 0.000000 	 0.000000 
11.157191 	 0.000000 	 0.000000 	 0.000000 
11.197324 	 0.000000 	 0.000000 	 0.000000 
11.237458 	 0.000000 	 0.000000 	 0.000000 
11.277592 	 0.000000 	 0.000000 	 0.000000 
11.317726 	 0.000000 	 0.000000 	 0.000000 
11.357860 	 0.000000 	 0.000000 	 0.000000 
11.397993 	 0.000000 	 0.000000 	 0.000000 
11.438127 	 0.000000 	 0.000000 	 0.000000 
11.478261 	 0.000000 	 0.000000 	 0.000000 
11.518395 	 0.000000 	 0.000000 	 0.000000 
11.558528 	 0.000000 	 0.000000 	 0.000000 
11.598662 	 0.000000 	 0.000000 	 0.000000 
11.638796 	 0.000000 	 0.000000 	 0.000000 
11.678930 	 0.000000 	 0.000000 	 0.000000 
11.719064 	 0.000000 	 0.000000 	 0.000000 
11.759197 	 0.000000 	 0.000000 	 0.000000 
11.799331 	 0.000000 	 0.000000 	 0.000000 
11.839465 	 0.000000 	 0.000000 	 0.000000 
11.879599 	 0.000000 	 0.000000 	 0.000000 
11.919732 	 0.000000 	 0.000000 	 0.000000 
11.959866 	 0.000000 	 0.000000 	 0.000000 
12.000000 	 0.000000 	 0.000000 	 0.000000 
