   2.7403529e+01  -1.2760091e+01  -9.5139009e+00
   3.2135009e+01  -1.3987257e+01  -7.8348939e+00
   2.7309909e+01  -4.3146992e+00  -1.3649967e+01
   2.7626019e+01  -7.3241619e+00  -1.6761287e+01
   2.7014727e+01  -3.2865066e+00  -1.4003982e+01
   2.7215746e+01  -3.6621491e+00  -1.3175618e+01
   2.8189983e+01  -7.4728715e+00  -1.4115399e+01
   2.8082391e+01  -4.9514621e+00  -1.2040011e+01
   3.2347903e+01  -1.1391538e+01  -1.5619430e+01
   2.8738352e+01  -9.0831113e+00  -1.4840461e+01
   3.5947784e+01  -1.2708539e+01  -1.2627753e+01
   3.5712554e+01  -1.2069240e+01  -1.3112873e+01
   3.5531545e+01  -1.0978366e+01  -1.7996562e+01
   3.6061477e+01  -1.1239861e+01  -1.6810410e+01
   2.8506342e+01  -9.8307047e+00  -1.7854588e+01
   3.2367168e+01  -9.0102637e+00  -1.9426649e+01
   2.7587180e+01  -7.1267029e+00  -1.2498299e+01
   2.8217229e+01  -7.3375100e+00  -1.4306069e+01
   2.6029274e+01  -1.0399013e+01  -1.2791153e+01
   2.6857435e+01  -1.2183596e+01  -1.0409168e+01
   2.7318191e+01  -6.2918401e+00  -1.2483194e+01
   2.7807603e+01  -8.5950969e+00  -1.4374437e+01
   2.8956291e+01  -1.1214197e+01  -1.7602383e+01
   2.7376347e+01  -1.0223862e+01  -1.6961589e+01
   2.7397522e+01  -9.0426729e+00  -1.6716146e+01
   2.7622583e+01  -7.2178776e+00  -1.6037282e+01
   2.8766778e+01  -1.3484006e+01  -1.5340814e+01
   3.0092719e+01  -1.2991309e+01  -1.6871331e+01
   2.7302200e+01  -1.0729743e+01  -1.4775385e+01
   2.6616288e+01  -1.1373359e+01  -1.1887118e+01
   3.1696701e+01  -3.2000565e+00  -1.7319203e+01
   3.2948604e+01  -1.4029786e+00  -1.5068920e+01
   3.4820457e+01  -1.0226483e+01  -1.7722489e+01
   3.7360700e+01  -1.0337240e+01  -1.5752511e+01
   3.8496906e+01  -1.0866382e+01  -1.6019460e+01
   3.7514672e+01  -1.2656924e+01  -1.3717999e+01
   2.8863689e+01  -1.0232815e+01  -1.7995211e+01
   3.1378214e+01  -5.2915920e+00  -1.8475073e+01
   3.3873861e+01  -4.7274252e+00  -1.5936242e+01
   3.4073105e+01  -7.5250432e+00  -1.7072046e+01
   3.0884135e+01  -1.5076564e+01  -8.7136939e+00
   2.7931425e+01  -1.4327694e+01  -1.1088632e+01
   3.5586262e+01  -1.4430476e+01  -1.2535053e+01
   3.7517887e+01  -1.3992114e+01  -1.2957904e+01
   3.4432270e+01  -1.3088955e+01  -1.4158795e+01
   3.3142297e+01  -1.2633292e+01  -1.4470559e+01
   2.6671308e+01  -3.0415337e+00  -1.1378055e+01
   2.5624803e+01  -5.7824236e+00  -9.9742765e+00
   3.9993892e+01  -5.6316156e+00  -1.4090074e+01
   3.9513024e+01  -9.6746929e+00  -1.5351702e+01
   3.2162874e+01  -3.9256242e+00  -1.7662597e+01
   3.2805947e+01  -2.0884067e+00  -1.5037410e+01
   3.7917297e+01  -1.2492853e+01  -1.2921593e+01
   3.8987198e+01  -1.1011190e+01  -1.3990492e+01
   3.2016039e+01  -1.4825865e+01  -1.5240476e+01
   2.9993839e+01  -1.3508818e+01  -1.6101784e+01
   3.2034665e+01  -8.7033227e+00  -1.9363645e+01
   3.1422247e+01  -6.2028209e+00  -1.8498370e+01
   3.3410147e+01  -1.6062199e+01  -1.0758751e+01
   3.4730332e+01  -1.5430435e+01  -1.2677016e+01
   2.8245801e+01  -6.7779170e+00  -1.4678616e+01
   2.7080576e+01  -8.6637437e+00  -1.1917520e+01
   3.1614380e+01  -2.1183407e+00  -1.4863030e+01
   3.3268510e+01  -6.7361913e+00  -1.6614672e+01
   3.2769848e+01  -1.0291706e+01  -1.6247293e+01
   2.6498632e+01  -8.8691515e+00  -1.4963124e+01
   2.6835530e+01  -6.0983268e+00  -1.5804685e+01
   3.8938450e+01  -8.1760440e+00  -9.2618785e+00
   3.8666816e+01  -7.7631463e+00  -9.5563162e+00
   3.1064832e+01  -4.7588703e+00  -1.6628139e+01
   3.5721116e+01  -4.4896970e+00  -1.6335735e+01
   3.6565200e+01  -5.4397000e+00  -1.4463257e+01
   3.4104797e+01  -5.8126592e+00  -1.6261774e+01
   3.3685270e+01  -3.2101281e+00  -1.5670254e+01
   3.2069022e+01  -1.6752180e+00  -1.5154808e+01
   2.9237437e+01  -1.3553070e+01  -1.5753395e+01
   3.0724340e+01  -1.4463916e+01  -1.3995521e+01
   2.7282121e+01  -3.3826697e+00  -1.4318776e+01
   2.7739306e+01  -3.1496179e+00  -1.2412517e+01
   2.8213551e+01  -6.1142718e+00  -1.4171971e+01
   3.2257125e+01  -4.5711075e+00  -1.5971610e+01
   3.9935340e+01  -6.2127733e+00  -1.0855307e+01
   3.0081197e+01  -5.5641881e+00  -1.7102351e+01
   3.5774932e+01  -4.9675046e+00  -1.7162038e+01
   3.0981982e+01  -6.4096384e+00  -1.8464187e+01
   2.7758673e+01  -7.5572559e+00  -1.5305585e+01
   3.5255895e+01  -6.9538035e+00  -1.7107963e+01
   3.5520181e+01  -4.4195000e+00  -1.4921024e+01
   3.0850659e+01  -1.4523764e+01  -1.3150681e+01
   3.1991320e+01  -1.2909976e+01  -1.5270559e+01
   3.4055217e+01  -1.4777938e+01  -1.1244911e+01
   3.6455686e+01  -1.3952322e+01  -1.2557156e+01
   3.3920081e+01  -7.6016098e+00  -1.8403872e+01
   3.6096781e+01  -8.1543758e+00  -1.8455936e+01
   3.8956606e+01  -1.1200046e+01  -8.6495761e+00
   3.9192579e+01  -7.9151173e+00  -1.0004334e+01
   3.2938879e+01  -4.7002744e+00  -1.6914320e+01
   2.9819407e+01  -5.2315006e+00  -1.5117607e+01
   2.9139027e+01  -1.5053172e+01  -1.2339417e+01
   2.7003831e+01  -1.3343890e+01  -1.2335093e+01
   3.0688666e+01  -1.1862770e+01  -1.4511994e+01
   3.4227646e+01  -1.2834721e+01  -1.3693159e+01
   3.5330037e+01  -1.3162507e+01  -1.2553651e+01
   3.3024114e+01  -1.2818740e+01  -1.4225962e+01
   3.0972829e+01  -1.2224620e+01  -1.5243476e+01
   3.7564300e+01  -5.3564084e+00  -1.4808498e+01
   3.5643166e+01  -4.6595648e+00  -1.6647939e+01
   3.7790788e+01  -3.1137636e+00  -1.3976102e+01
   3.9061763e+01  -5.7117090e+00  -1.3445921e+01
   3.2231992e+01  -2.3389250e+00  -1.5991599e+01
   3.3104558e+01  -1.3511897e+00  -1.5441565e+01
   3.0307685e+01  -1.4214802e+01  -1.2569989e+01
   3.0469052e+01  -1.4855424e+01  -1.3006857e+01
   2.7961876e+01  -1.3871964e+01  -1.4157573e+01
   2.7207369e+01  -1.7166491e+00  -1.2059481e+01
   2.9314364e+01  -6.9618455e-01  -1.2119830e+01
   2.9513256e+01  -1.3868033e+00  -1.4865150e+01
   2.9721605e+01  -6.3651218e-01  -1.2260826e+01
   2.8196059e+01  -4.7593679e+00  -1.5925053e+01
   2.7070116e+01  -5.6324309e+00  -1.3371449e+01
   2.7438016e+01  -7.8789913e+00  -1.6149357e+01
   4.0000561e+01  -7.4419669e+00  -1.3070814e+01
   4.0050133e+01  -1.1177301e+01  -1.1967542e+01
   3.3557289e+01  -1.1186673e+01  -1.7860435e+01
   2.6507665e+01  -9.7134039e+00  -1.1968506e+01
   2.6529624e+01  -1.1801282e+01  -1.1268332e+01
   3.6394790e+01  -1.0812095e+01  -1.7391817e+01
   2.6651788e+01  -9.3665411e+00  -1.1872857e+01
   2.8603001e+01  -1.2334115e+01  -1.1928090e+01
   3.1960869e+01  -3.5424152e+00  -1.7402056e+01
   2.9181011e+01  -3.0159800e+00  -1.6825641e+01
   3.1585099e+01  -2.0675582e+00  -1.4367308e+01
   3.4062159e+01  -4.8563945e+00  -1.6124971e+01
   3.3850763e+01  -1.5043140e+01  -1.2513615e+01
   3.1099602e+01  -1.5708806e+01  -1.2720196e+01
   2.5695187e+01  -1.0363287e+01  -1.0795161e+01
   2.6228907e+01  -1.0743598e+01  -1.3037489e+01
   4.0591545e+01  -7.1154015e+00  -1.3356347e+01
   4.0036160e+01  -9.4091992e+00  -1.1377991e+01
   2.9459047e+01  -5.4342490e+00  -1.5246965e+01
   2.6439705e+01  -8.9171021e+00  -1.4829262e+01
   2.9652543e+01  -5.5070535e+00  -1.8507963e+01
   3.0435026e+01  -1.1119900e+00  -1.4985748e+01
   3.8825501e+01  -8.9516068e+00  -1.6551561e+01
   3.9008120e+01  -6.1536519e+00  -1.4600582e+01
   3.2660314e+01  -3.1622614e+00  -1.5903140e+01
   3.2414842e+01  -4.2437714e+00  -1.7659108e+01
   3.2383486e+01  -1.2985693e+01  -1.4960498e+01
   3.7386568e+01  -1.2659302e+01  -1.3694941e+01
   2.9751512e+01  -1.7680660e+00  -1.5583180e+01
   2.6646973e+01  -9.3966991e+00  -1.2171879e+01
   2.7558283e+01  -9.9863894e+00  -1.1567288e+01
   2.8317556e+01  -7.0280677e+00  -1.6886849e+01
   2.6069112e+01  -1.0128161e+01  -1.2829048e+01
   3.1025179e+01  -4.1740195e+00  -1.5137651e+01
   3.1457389e+01  -1.4199706e+01  -1.3962643e+01
   3.3435257e+01  -1.2031916e+01  -1.5000804e+01
   2.9145982e+01  -1.1085225e+01  -1.3677363e+01
   3.5644499e+01  -1.4447515e+01  -1.1664999e+01
   3.0129154e+01  -6.7640178e+00  -1.6643328e+01
   3.2831746e+01  -5.2364120e+00  -1.6169723e+01
   2.7279188e+01  -3.5096675e+00  -1.3234660e+01
   3.2127029e+01  -1.0366527e+01  -1.7993691e+01
   3.8917718e+01  -5.7767456e+00  -1.4078337e+01
   4.0122728e+01  -9.6797944e+00  -1.0894413e+01
   2.7428268e+01  -6.5668448e+00  -1.3400507e+01
   2.9365812e+01  -1.0703414e+01  -1.4922728e+01
   3.5794897e+01  -4.6452274e+00  -1.5134343e+01
   4.0590623e+01  -8.2173157e+00  -1.2435480e+01
   3.2881478e+01  -9.2858824e+00  -1.7992753e+01
   3.8664725e+01  -4.1314770e+00  -1.4774961e+01
   3.8893902e+01  -5.8136845e+00  -1.4621313e+01
   3.8889033e+01  -6.0541940e+00  -1.4686153e+01
   3.3303732e+01  -1.5854508e+01  -1.2050805e+01
   3.1253713e+01  -1.5636951e+01  -9.4863155e+00
   2.7101671e+01  -7.6872204e+00  -1.2921832e+01
   2.6585670e+01  -1.2308043e+01  -1.1888299e+01
   2.7513655e+01  -1.0813098e+01  -1.6710841e+01
   3.8496457e+01  -8.8656018e+00  -1.6950455e+01
   3.5402048e+01  -1.1399897e+01  -1.7557774e+01
   3.8464628e+01  -9.6788402e+00  -1.2031108e+01
   3.7203570e+01  -1.2704851e+01  -1.3579201e+01
   2.5578210e+01  -9.4176106e+00  -9.8440869e+00
   3.9482648e+01  -1.2310309e+01  -1.2397914e+01
   2.9374972e+01  -1.1978338e+01  -1.5516142e+01
   3.6389154e+01  -1.3143140e+01  -1.4418781e+01
   3.0847395e+01  -1.1755978e+01  -1.7071295e+01
   2.9026033e+01  -6.1289443e+00  -1.5891850e+01
   3.1507238e+01  -1.4432838e+01  -1.3248577e+01
   3.7770828e+01  -1.2086906e+01  -1.3543166e+01
   3.1851699e+01  -1.0640502e+01  -1.7922342e+01
   3.0605202e+01  -1.2241539e+01  -1.5782399e+01
   3.8020215e+01  -1.3768260e+01  -1.2542259e+01
   2.7197653e+01  -1.3007921e+01  -1.4075381e+01
   3.0965136e+01  -1.3249524e+01  -1.6456644e+01
   3.1897822e+01  -1.1625503e+01  -1.8311090e+01
   3.1349862e+01  -1.1789474e+01  -1.7478551e+01
   2.5564663e+01  -5.5277348e+00  -1.1035932e+01
   3.4343316e+01  -9.4509237e+00  -1.8944371e+01
   3.7870421e+01  -8.1737431e+00  -1.5911755e+01
   3.9239522e+01  -9.6401776e+00  -1.0789115e+01
   3.0540627e+01  -1.4614567e+01  -1.2647414e+01
   3.2898963e+01  -3.3750845e+00  -1.4607509e+01
   3.2734432e+01  -9.6082391e+00  -1.6517506e+01
   3.7139838e+01  -7.6605505e+00  -1.7343840e+01
   3.2591357e+01  -7.2716747e+00  -1.8212802e+01
   3.1754844e+01  -1.3287238e+01  -1.2343033e+01
   2.7446376e+01  -1.3571771e+01  -1.3682836e+01
   2.7282846e+01  -8.5764251e+00  -1.6007849e+01
   2.7160100e+01  -3.9404598e+00  -1.3519985e+01
   3.1710169e+01  -1.1703768e+01  -1.5062951e+01
   3.1166400e+01  -1.1609398e+01  -1.7189748e+01
   2.7675425e+01  -7.4455804e+00  -1.6295953e+01
   2.6188056e+01  -9.6758650e+00  -1.5003297e+01
   3.5636439e+01  -7.2173051e+00  -1.8259854e+01
   3.3947145e+01  -1.0834461e+01  -1.7770825e+01
